1 1 1121.5562475910108 202.15445717800483 -138.08779919770956 -56.915594137257195 -11.16201203264357 -15.837578757317866 -19.06847395668081 -35.71682300501617 -38.56723388476929 -10.503324933598993 -19.81911252497125 -10.901238451333782 -12.186281848786976 1
1 3 1273.3300088297888 18.70680102091843 -127.16595186491666 15.027352286898768 -36.41599124724656 -8.93145000549606 3.4965226532575455 -47.990316492010685 -50.48102670868948 -5.784003409345974 -10.569714088673173 -19.73401560605607 -1.4340234458057157 1
1 4 1156.407777175462 166.0244060750842 -73.81010542242758 -92.59444636977167 4.518825773502227 -30.28188475490282 0.8338196896087893 -50.91114606872498 -29.652713182190997 -18.963909294267797 -6.373312156407778 -5.801817126087271 -23.080967508511453 1
1 5 1274.489523364774 56.523398093979374 -20.881991293344203 -93.46834407743677 -16.81185414650425 -30.866476734517754 4.438492839303467 -45.380336459000546 -33.4516820237047 -14.13794531106983 -12.244337176799549 -14.570902465702465 -8.494969725047774 1
1 11 1223.4279414468683 62.98062903713675 -123.34050364732686 -25.06981097325381 -11.72017891083762 -30.138838293117903 18.486300152068836 -38.36500578141272 -19.726087059433084 -18.76481183847664 -6.324365354684598 -21.708147129788742 -0.07266610557003457 1
1 12 1267.4724079182836 -8.563056706967433 -123.05447492012259 -33.722397628736466 -12.755431454099995 -20.853365704188054 8.898399954804587 -31.840625776266748 -54.81241701137148 8.708520201856272 -19.911929464771102 -21.355633987753777 0.7466317341538585 1
2 1 1175.064569990786 85.65920428059027 46.14087497753028 -108.74658458658212 -66.26394900928645 -29.71570973655885 -44.368211673086286 -13.713529528536064 -44.69336667567284 -13.576247347987994 -4.4811835549169405 15.235983355733486 20.672682031001937 1
2 3 1255.6382057589115 -23.445049894294236 55.66489322670965 -42.693930121134095 -112.84173389015986 -1.112430095907732 -34.84012615873747 -19.612756788868957 -39.465623095846475 -25.94806787755818 -24.03931963034068 -16.49331115372882 -13.334248278695046 1
2 4 1015.4059199665152 201.32495033701392 87.13939771333287 -92.6472325731445 -60.64027931393713 -21.998982373700624 -19.25370840358674 -15.736495464630607 -30.822900538417937 -12.273353838053692 -19.100043266136392 -16.110017786010474 -7.284757949211569 1
2 5 1151.0237980962193 66.47842540557413 141.6941715648952 -101.38074754240624 -86.84802241816513 -20.589368706319544 -28.755502865229733 -9.084607654596 -26.05304659205893 -32.75496787021259 -23.76587470236365 -16.32931753065426 -9.60887738570337 1
2 11 1237.602019520485 40.29808423971588 105.61107462994964 -76.39732075404334 -37.761628663421725 -53.02441423999482 -41.99856942229189 24.389784622116217 -23.086916745521425 -3.345606742834735 -35.72671499704366 -23.467705513615854 -3.7632455800148463 1
2 12 1217.6639004096694 1.6771704407802455 108.39484457693148 -89.27212027588115 -72.44342934667056 -27.45764486579115 -12.034915985375315 20.001841849969807 -37.92317957854418 -8.226029603527273 -22.36255524123661 -17.686984022987495 -7.697335592326178 1
3 1 936.2657076169368 220.65424007266435 -98.96601649398498 -168.97979300230975 -32.35987691826412 0.21329513729374988 -31.23536158738495 -27.861103885490113 -41.19601130989829 -5.39214296649972 -21.085457074978986 -17.068690590854715 17.756516870111817 1
3 3 1187.0657814319377 136.80824325147137 -21.497924480865496 -94.74834247223717 -41.90140302528367 -21.200007000498058 -14.248239667657991 -45.294492080788885 -59.50901665051986 -14.606627638816681 -13.003111996870592 -1.5911136025160073 -32.486049912070925 1
3 4 859.8621762809748 249.6729353508756 -3.848245247724834 -124.40397258773314 -69.75740652442111 -14.238829988939742 -22.10603337619698 -20.776504783911175 -23.270989944702666 -20.653792961971682 -23.608481321593892 -31.93837262172543 -3.4568630274214653 1
3 5 1027.8784710873276 207.0014685863167 24.061014115308733 -153.71420202571448 -42.088518671971734 -16.69497214779944 -13.171780239420944 -29.42830224937633 -9.710291002256056 -24.719273938608378 -27.691382375550127 -20.870593288750428 3.2656668084335183 1
3 11 1054.2397462097576 197.54867168262612 -28.5935306028867 -136.44573167633388 -31.746540444629645 -46.98563421813177 -9.314199716178313 8.17636687611509 -13.698668080223513 -1.3111038889612445 -28.190397139808702 -17.41686972792083 -36.10890985960093 1
3 12 1069.4748104947905 189.99256421842622 -44.660217976045885 -141.48960247136532 -22.894568564871506 -39.731754960256374 -16.619993444128603 -3.280192331797926 -18.73291705488432 0.020838099593282942 -37.757836894636604 -10.296686731761833 -23.317415310725064 1
4 1 1011.4000749298718 50.36216457140694 -100.24125172318799 -93.63921914129718 -93.34840118032855 8.38367085657521 6.005539010027512 -23.17660073882045 -12.599903960990526 -32.159874550607874 -38.684163253190775 15.843922855570543 3.9481803633320003 1
4 3 1294.9524072337201 -24.792955565916014 -8.701035488003523 -29.15175176069068 -103.81815810206356 53.697771023084115 -36.41211094592953 -25.33127697479445 -33.93442257964794 -6.4245398254739206 -9.64566714648166 -3.6419153138441462 -24.815092116263067 1
4 4 1005.3303372258644 198.5298300152028 8.849510472772042 -85.93489863713752 -85.49256487094665 -2.0261610991595513 -22.40212283741229 -16.852236004289004 -10.275846279352383 -26.95427671607138 -29.297816316160077 -3.009915158588046 -21.577914565320327 1
4 5 1235.169215751779 26.570057731037714 55.533601292896016 -96.42366669165567 -99.9033284614843 1.1793330497489447 -2.005264599771301 -28.808763267853188 1.2231001205150578 -28.790356188661434 -24.587820542708958 -13.823593250150491 -10.159821803294667 1
4 11 1307.838619030204 -15.402551609212257 0.8758623627185923 -73.15491395891684 -86.67844164060321 -20.315010168248097 -12.744512967639771 -0.05429389831751999 -3.4520285809405893 -11.876118625326969 -24.490170772317896 -13.746199611989496 -20.570678234356237 1
4 12 1320.708964698232 -20.446356548153005 18.152395104311847 -67.35139640103334 -68.83158874182676 7.60497571521967 -9.150870008321276 8.879627739015735 -13.484235863382562 -3.667238442922568 -13.230127286773934 -13.490107357445353 -16.732574772612058 1
5 1 1085.4379402361617 172.62625600311583 -103.6451492417043 -114.84909178509491 5.918772040021535 -10.596530957007154 -19.44935311412944 19.785439253804313 -13.254351084677383 -35.56436011095336 -25.01711382350194 16.815386464115793 4.344268975436279 1
5 3 1267.8967277234085 73.71269109593257 -125.12573833783168 -58.02183038844341 -9.00342948336885 -7.351429672249979 -31.538771015901155 -33.6195624440947 -47.221663442251135 -5.974838370981257 -18.919967881791006 -8.552657177571495 -12.19562692890719 1
5 5 1241.485542405119 117.70661242598614 -18.89872601280415 -140.77208748554824 11.577912104110187 -33.04272889104439 -30.32928477416347 -17.81933972556768 -17.956954314236413 -14.351513970323294 -32.83389139237469 -19.118885272410047 10.637290923834263 1
5 11 1197.509729102105 101.00652433666123 -97.73925775669389 -130.0733471508379 1.5354456424279606 -34.682466363478184 -50.733062125637815 12.588440687386043 -36.04788886015093 14.29804708254684 -47.393734393568174 -7.873976389246275 -36.83410332304301 1
5 12 1229.616541073168 108.53407020521307 -75.667384118993 -108.00901350768461 -4.081875513647668 -32.693034363426314 -26.076621159284443 2.0056303357256717 -31.18196723403373 10.025666359794766 -40.10157238344064 -0.3756295419069505 -26.36484138855487 1
