1 1 9.905e-006 0.0024 0.209 0.02413 2.141 25.87 0.002944 637.2548160872276 880.8062418257448 1492.027736998239 2740.061802497239 16.351418499888386 21.11167812109273 44.84313523726881 84.67069155738167 13.142309463305223 28.525002216061306 28.065832130069456 21.39550281186005 85.0945657050529 0.3307256052141099 1
1 3 1.0597e-005 0.00253 0.258 0.02968 1.06 23 0.007914 800.5757069557626 1516.7679443882444 1676.7280330917413 2466.831073344756 15.503735693976958 50.902326437283705 15.167384383851218 34.23787439208009 10.461221752339254 16.56482792437549 24.974235042033698 23.765307901894897 84.27907835418947 0.3928704166290814 1
1 4 1.0734e-005 0.00266 0.221 0.025310000000000003 0.656 26.241 0.002567 629.1249905625205 760.1579470456353 1637.952666876258 3168.824261575341 42.33521985267135 12.03101536839887 27.142776607585997 33.721728029284506 13.312140076507927 33.0523414214752 25.565451827042033 18.5005526216387 82.82715621225069 0.9201316858292187 1
1 5 1.4135e-005 0.00344 0.324 0.03715 0.991 22.207 0.007633 682.7929061799292 1402.327915649369 2419.571079464509 3279.701658466905 5.288051929557063 55.26267593662546 130.47588205120311 26.93130821700716 12.265798200593819 17.91663684336305 17.306786461205196 17.87510148938493 84.30348044810572 0.5512471143049308 1
1 11 1.1691e-005 0.00256 0.187 0.02177 1.041 25.372 0.003239 729.2299441314141 1312.7517080174134 1687.178326952363 3134.1906302013413 5.894937303072834 38.42098623775267 25.211901705523555 92.92009354961846 11.48471763591039 19.139186676774617 24.819545943101915 18.70498859740191 82.74169439691086 0.4326055515913555 1
1 12 9.215e-006 0.00215 0.296 0.03415 1.294 23.129 0.005304 844.2876679309148 1595.6981282646566 1650.6565296160943 2936.541003758029 16.235848993501932 40.0468464173661 34.0100145239098 48.567699753221845 9.919604795986784 15.74545934156342 25.36869375831881 19.963964380192493 85.09021613340778 0.4049027977296685 1
2 1 1.6491e-005 0.00501 0.275 0.031560000000000005 1.056 27.101 0.002325 485.41568336556037 2050.7475946655804 2997.9189377135626 3473.1346004952493 148.5541454849748 836.3163005951836 239.66671095477912 203.09672767422958 17.253253833772185 12.251629632703377 13.968022775137813 16.879564642165153 86.957148462943 0.5778213086459341 1
2 3 9.781e-006 0.00244 0.451 0.05174000000000001 0.636 18.195 0.017502 466.4507384357066 2091.3656235435938 2311.7295359553427 2971.4005168749277 9.51914652927267 37.463044098171544 22.815651930299264 14.707260589619974 17.954736288094377 12.01368126029938 18.114143263171478 19.729753584904437 83.6452792450142 0.2666863625747971 1
2 4 5.1988e-005 0.01286 0.506 0.05742 6.896 20.863 0.010728 287.76099701976295 536.0413541647267 2588.060507489181 3103.2829652781807 54.531804942181346 238.6255346344806 86.2029433477905 73.48415437046178 29.104013701428823 46.87138371842675 16.180069932223194 18.89128405496365 85.65132244779277 0.6274341721402641 1
2 5 1.3152e-005 0.0033100000000000004 0.605 0.0683 1.232 18.981 0.013478 438.2500986643986 1905.6830484975824 2843.940556608302 3466.1081313686645 43.98213474857749 764.5262024848585 257.5949504851472 351.92498831829886 19.110092674305076 13.184249091058582 14.724288066674761 16.913782772509958 85.6413226212241 0.2738469679279445 1
2 11 1.6399e-005 0.0019 0.458 0.052430000000000004 0.866 18.907 0.014826 451.57245020270085 1827.3687789909516 2663.430315740497 3107.684973387256 7.787600901520568 79.432635181567 55.58552433334493 41.518288715429705 18.546304134011383 13.749277260758328 15.722205965939738 18.864524719215996 85.1013632293582 0.37066112986831345 1
2 12 1.9592e-005 0.00474 0.522 0.0592 0.704 15.422 0.036222 469.2918771206603 2140.4338877531527 2699.1877561235697 3117.4052673016795 6.8979278652521 71.20788320235455 22.00395607098808 12.45874759443848 17.84603656765764 11.73827425540067 15.513926330244864 18.805703773877248 83.21144929764343 0.4057100752616475 1
3 1 6.253e-006 0.0019 0.167 0.01933 0.644 31.709 0.001946 595.316267626691 877.0672802073692 1790.373590769999 3212.0564964798473 6.992310670595676 60.69189647662872 829.2972553501086 320.962275400564 14.068152434987327 28.6466050746524 23.388973237697567 18.25154696508241 86.07858173270506 0.6759213942975522 1
3 3 1.4241e-005 0.00365 0.199 0.022860000000000002 1.109 26.517 0.002542 481.91913688593024 825.1709931129178 2039.0753439570274 3069.045770169775 30.573904110806808 34.863978828535785 69.32865091126519 16.486648678060693 17.378434179056793 30.44823462009631 20.5362691104574 19.102028575076268 85.50346308137767 0.3054063522127936 1
3 4 2.5922e-005 0.00651 0.531 0.06093 1.193 19.118 0.015554 435.24056203092886 546.1197067468049 2196.775344678053 3095.641888838004 43.14171063132748 45.988482351851744 147.04673716501918 73.80857522205707 19.242232297744483 46.00639693020379 19.06203112732812 18.937914043412103 81.3220948043916 0.7412430364574426 1
3 5 1.261e-005 0.0032700000000000003 0.269 0.031110000000000002 0.861 27.902 0.001832 488.7228397389975 622.501667717476 2794.0354092788534 3524.2925403739127 9.65999056741099 25.038997414193137 90.17462063960079 62.187258319538344 17.136502162396727 40.361337652517015 14.987283218006183 16.634544189620573 86.60956012436942 0.3226893609692532 1
3 11 1.4264e-005 0.0034000000000000002 0.16 0.01823 1.437 29.731 0.001849 478.67671311239974 884.0522478456456 1924.0544557689327 3096.3719462738727 3.4268237037169658 36.91645108811475 143.75687349657022 21.497505571242424 17.496150889699614 28.420265952863446 21.763937020828756 18.933448893485952 87.74575724532282 0.3317639761991154 1
3 12 1.0023e-005 0.00244 0.17 0.019370000000000002 0.65 29.74 0.001156 492.3373528789737 859.2854052324273 2321.1475933851766 3056.204546827864 1.7456676396597743 14.130361251729385 122.79379258171971 55.515873888827066 17.01069388911213 29.239412012594308 18.040645118533472 19.182289372891887 86.52479614882941 0.49128931155284755 1
4 1 7.716e-006 0.00233 0.218 0.02445 3.036 30.539 0.001065 603.9219303466774 1216.6969143544918 2037.7595841923992 2924.6851380345606 5.3286778213280845 46.258855255700766 16.56692577200455 83.51968882855869 13.867686499134726 20.650171545252793 20.549529161751344 20.044892777551098 88.30990194663143 1.564118977621887 1
4 3 3.684e-006 0.00092 0.289 0.03311 0.816 22.953 0.005701 669.0106666454395 1922.291126765109 2235.7475274151875 2766.1164561945025 8.00520262063152 24.755443148661342 12.176409536413278 27.717656658848153 12.518485007113586 13.07034072527876 18.72975346568443 21.193973908334147 84.75258835384264 0.3987414145108722 1
4 4 1.4705e-005 0.00369 0.311 0.036320000000000005 1.277 25.96 0.003587 491.64311193104044 665.5229990063123 2185.410165283173 2942.4601783969074 7.870806885534446 42.74469628429294 48.41820542399565 66.25601039078714 17.034714403106914 37.75226406527492 19.161162817495214 19.923804043438135 86.76234397945221 1.0752654960650267 1
4 5 7.718e-006 0.00197 0.333 0.03724 0.524 23.066 0.005365 512.3423345179722 2059.4723414735913 2613.858044720829 3460.677741757155 2.02348675176714 15.962913594733516 44.45209206539461 39.46217804195815 16.346492248936375 12.199726839750898 16.020380328064995 16.940323362854706 85.7809804892344 0.48137917647977435 1
4 11 6.766e-006 0.0016300000000000002 0.397 0.04539 0.598 21.909 0.006864 508.4930590026955 2005.9117502644503 2574.5389765008676 3040.6123370388223 3.4073482532143866 45.70003085637252 86.927061091336 93.47663698551997 16.47023465064762 12.525476256214978 16.26504798809205 19.280655835624692 85.86837464542187 0.2345130615877916 1
4 12 7.494e-006 0.0017699999999999999 0.421 0.048659999999999995 1.443 18.007 0.01832 578.1288870532429 2063.874394393812 2410.9891319108556 2906.680887251496 34.29095469446329 71.33997002305266 77.71292531172276 54.48212883545247 14.486389086502612 12.173705952381638 17.368390195442945 20.169052701012088 84.42180193703459 0.4182912768425157 1
5 1 6.314e-006 0.00189 0.18 0.020259999999999997 1.575 31.109 0.001196 598.2851591595578 1138.6686942405393 1325.9379331628609 2994.8399089585932 2.0707130229788384 39.998885959295194 96.47303349373189 21.287146629539627 13.998341546303433 22.06524173983521 31.581417917588624 19.57533684008702 87.31645183229446 0.9769744639525537 1
5 3 5.6e-006 0.0014199999999999998 0.187 0.02116 1.604 29.38 0.001305 750.1738013744326 1106.1345277515497 1792.1070484122538 2885.9273575788256 12.822057762474442 26.507353255188683 52.72381686594409 49.32937906994639 11.164079556838328 22.714235357133123 23.36634970388618 20.314094132010297 86.93055357407684 0.5277114920520571 1
5 5 8.041e-006 0.00208 0.273 0.03138 0.614 25.31 0.003067 523.9143125348269 973.5636957434931 2808.1705112109303 3403.5010818220053 3.391555211292527 10.593312341909861 21.04585543857961 12.119723982409955 15.985438457444847 25.807248267215314 14.911843790405305 17.224910053096302 86.7310696191958 0.2332484038253979 1
5 11 5.855e-006 0.0014299999999999998 0.198 0.02263 0.94 29.239 0.001357 541.1119584277025 991.3640959478367 1864.1030978390845 2929.0488882084146 13.633857439815142 14.447444565265478 133.64394199812324 10.318787164300259 15.477388495229453 25.343867205497443 22.463886277825814 20.015029532627103 86.77525456153839 0.8152027964996833 1
5 12 8.501e-006 0.00203 0.216 0.0248 1.222 26.583 0.002588 586.943382144106 980.8609138022314 2469.380785433263 2890.8182811405914 23.140159343385783 12.291777589050204 121.71086753598804 14.832347432673155 14.268837940392308 25.615252526074144 16.957692489962763 20.279725080771637 85.67236567102115 0.3532238280095209 1
