1 1 1164.312423259948 167.01809950425476 -109.74998228278287 14.443617256729116 -7.856541109610116 5.285484067601424 19.89644241178969 20.739131965842148 -41.03866668445243 -8.274046339057163 -4.18860650823411 -4.438479947209685 4.886745840865587 1
1 2 1283.8229064297811 65.75449040715836 -69.27632024376578 -27.651559971794818 11.261582785109173 -13.041800787678449 0.3351863103791393 23.16446415323086 -25.788722345707544 -1.735548751837813 -3.2884570307935816 -2.198501219763364 -8.42728834222935 1
1 3 1211.7399473648923 178.0613817824037 -40.581229824981385 -34.81335298217207 -29.5209758754343 39.402894610617956 -19.16631664990982 17.4392349664114 -44.291810262273145 6.15375711566511 1.2256604078730875 -6.014684223723437 -4.5921954863294205 1
1 5 1247.1120750964278 123.07169872020243 -51.40115995225545 -33.4095349625397 -11.210008672520562 10.607205753776855 -6.035568543025951 22.01812983528775 -34.71387717593251 0.02573957812727019 4.319209318794489 -3.1062703342463194 -1.6439328132821749 1
2 1 1234.573235797347 60.78276646113434 96.72746355474227 -16.19692820527791 -60.00556182981964 3.3675255812934597 -16.549778437349833 -3.9056837662121784 -11.98573455983857 -4.77026721164069 1.9568672194859469 -3.4655342153496935 -2.6202500497477494 1
2 2 1098.3721583940212 90.6006305698337 156.73436651468936 -85.40700224569022 -25.345713968312946 -1.196188459677957 -44.38895209811395 13.468576219279292 -20.559755459791262 2.121252568668906 6.803617333818218 -7.0604419326414725 1.2855403542686434 1
2 3 1022.9278062377401 159.16453849309445 146.62928000805357 -106.71063838532223 -77.66923747018664 -2.775681973810973 -39.65631763354303 25.49383405136868 -32.43073291907822 7.469579377900157 -1.9260181618004097 -11.143956165044665 3.2851086616695424 1
2 5 1068.5528292002834 157.4134090282324 171.19596988103413 -77.51707675830473 -82.13887834206786 22.297723548768374 -34.060544397531324 16.02669822414172 -15.47280614378654 -6.81744398270435 8.508196320103643 1.6821198653333276 -13.357365558928644 1
3 1 1108.4441937169668 217.0649888863865 4.146622724801503 -102.92519699327875 10.241563790489204 2.941601759835791 -20.78318359067695 2.9719656177268714 -21.14106970531006 22.272238823426925 -12.027019399748655 -14.41986888865226 -3.279170459073388 1
3 2 1026.3145510566985 273.3220528400073 5.3696687024219445 -83.30993001138812 -4.249205885399598 -12.580330074440315 -17.034504835242696 -13.524880372998712 7.952067478995579 19.37572518380293 7.546062186985469 -18.711083035432257 -7.489232877247472 1
3 3 918.3900656020223 307.3148230306619 7.989508271998811 -115.72030328778662 -28.01560135195311 -13.64411896696319 -3.5606455062294478 -15.832227303483242 -2.909022174470003 20.8845736788986 4.648410931576464 -15.785185724897659 -5.916344314443065 1
3 5 986.305494016412 315.17924138234076 17.59878090395648 -113.01785218649266 -38.60364012277245 3.896450570737724 -4.745123217615273 -18.605036299022583 -21.988961545331772 8.620234604164773 7.628172640933918 -11.172773962627994 -9.652022501691958 1
4 1 1138.4397767312469 49.019868371537605 52.71066171630724 -27.61935993348978 -72.04578791050591 37.54124042070637 -17.318348184322975 17.6424362395739 1.3022388839692112 1.40381221094288 -17.276622229000886 3.711097707969816 -10.026082532393291 1
4 2 1257.542584656477 67.17351402060119 39.656801795615735 -28.04384804024659 -72.42504955530878 11.505017064242907 -5.918373625647711 14.024550819815314 -7.454498173745138 7.741045478432729 -20.17286713480941 11.684696402810733 -7.384758092019775 1
4 3 1130.1602467393873 128.43058907690778 40.4107781394088 -58.0717013543541 -131.57593035424787 -1.578351753054005 -1.176581807553692 7.061312917642407 -16.269798617134036 2.789715903918964 -13.884656186064147 12.035282181160175 -12.743820917407279 1
4 5 1084.268613773233 150.17172639123447 87.06680836660023 -84.22552203878938 -101.81707352283726 31.69957846480453 -0.5308056167506204 2.322477969303594 -5.683007902791972 0.9755252143291479 -13.20658463335662 4.4885471758113065 -16.574373715892868 1
5 1 1057.545188152145 175.57256298307678 -35.59868537938026 -79.8882067919554 -6.602069374969911 28.209350629037967 -34.83588341672926 22.674890125996615 -1.4543289891722597 15.5072274568528 -20.45246589906908 -23.26499239449385 20.66539894015833 1
5 2 1157.764239827761 191.6189473471787 -28.25601207325849 -94.07047971365672 15.100163696687845 -27.069721958201814 -0.6877510287499385 19.139943959744816 -5.303352262643863 8.667371802811866 -23.19823626732601 -5.270489884116069 9.252514141641614 1
5 3 912.0338323522524 264.87397205834844 -5.697262944763256 -132.5141527219012 -35.89124721714865 -14.698824001887145 -6.816316152584136 2.128764987756181 -13.332652633213796 12.50231042519529 -10.695508763600296 -13.940983440858004 3.6724770535174556 1
6 1 1286.7348555624549 85.97288150503488 38.15964640567003 -28.75287774560737 -25.595658229020508 37.866568958634254 -56.40622065941444 -2.111413179066752 -29.37279548065717 20.969425002744323 -5.373702685575161 15.362500485653303 -5.854415253555443 1
6 2 1248.592993859734 117.28186896534275 27.96985173904853 -17.87854578214059 -14.353932510332442 -9.615018038839667 -42.42555507966164 16.464666801627303 -23.13562168677451 14.033354604374745 -6.0250527893623955 4.746875765863925 -5.8678442276830705 1
6 3 1088.9115383118055 218.95329810396302 49.79305118016258 -54.69431238028566 -28.601619177204412 -37.15563707529477 -33.70293946246748 7.639377740624961 -13.070605206369178 4.430526568947173 0.3052007252221436 2.1454684430777706 -3.264102092145251 1
6 5 1186.7061503847235 171.73380202238997 26.959527405812132 -47.28692132978386 -40.17783112057639 2.053098059788774 -29.320886411022475 26.505697600074882 -13.974188422316903 -1.1688359178205017 -0.5301360818195124 -9.634007704045644 1.6602102313231935 1
