1 1 3.0886e-005 0.00383 0.288 0.03306 1.63 22.199 0.007964 638.9775735517628 1022.8241677603941 1416.7535560137014 2850.939348507835 11.311681736430097 159.0548326900939 90.7472097967675 120.12302405519785 13.106876276498225 24.564339396686766 29.557010689864136 20.56339782559176 80.45571390355994 0.6835087316804414 1
1 2 2.7604e-005 0.00395 0.323 0.03697 3.367 19.322 0.014357 669.6801871008426 1323.6001014811666 2153.880373977788 2951.6492666993718 19.466164422892795 14.387874362040456 113.85543109149147 44.03971491423814 12.505969508007658 18.98231948749779 19.441655398282503 19.861777163503014 81.32298259740841 0.6301728206236444 1
1 3 1.9448e-005 0.00296 0.222 0.02538 1.117 24.847 0.003608 595.626321152147 723.6798250967744 1798.1506512437054 2690.9615047527336 42.869729383162166 30.575337441505862 107.592228484241 42.13772466327272 14.0608292524747 34.71839220699589 23.287815162226156 21.785893219378075 82.4794133766268 0.586284818661012 1
1 5 1.7359e-005 0.00264 0.3 0.03327 1.317 23.303 0.0052 635.4805496576422 1200.3799716658643 1618.8269425192543 2728.387955790612 14.42777704393093 88.43459870153907 112.80820806115366 30.506443852526896 13.179002889249615 20.93087238462668 25.867496333383976 21.48704691192352 82.58495822239266 1.168549983323233 1
2 1 1.5057e-005 0.00216 0.26 0.03018 1.153 23.652 0.005315 387.7665155922101 1492.9594709152268 2338.2474160447155 2895.9983393977222 13.412828850627134 281.80323685903295 38.12747363130018 53.63260435620383 21.598048473085452 16.828989995687998 17.908712188735805 20.243450834364836 81.53349975563589 0.45981752598692716 1
2 2 2.2915e-005 0.00335 0.383 0.044050000000000006 1.905 19.754 0.012927 348.08507444618556 2204.6660208050375 2639.1725966091967 3053.4684974708616 11.084339227574166 135.72306732490472 36.26243477864567 58.592063397592916 24.06021003148409 11.396283955438095 15.86671521741356 19.19947759361465 83.8003863163174 0.8443499573379062 1
2 3 2.1234e-005 0.00322 0.416 0.048049999999999995 1.41 23.239 0.005387 414.76988266203153 2310.043409098058 2868.4580487762105 3505.8042352302004 34.36576181316067 519.2947133433944 129.42076344779022 192.03118599396186 20.19191930293606 10.876418988944412 14.598435566406632 16.722268577027528 86.00694653079029 0.7423065104560735 1
2 5 2.5977e-005 0.00395 0.573 0.06432 0.901 22.1 0.011745 391.270462954135 2364.626776720595 2946.6091017326917 3650.815013558 38.78201077095662 456.03003868985365 116.73933346459508 158.21650438293509 21.404631304821297 10.62535544609067 14.21125047614096 16.05805820954632 86.37642380095885 0.507345085090389 1
3 1 2.2743e-005 0.00346 0.294 0.03472 4.244 24.323 0.006609 406.4512290843036 797.43781052497 2077.400095009538 2873.8991979504744 17.412292810314028 21.891826219080333 253.3593045848883 60.17998247518773 20.605178187966334 31.507159139418892 20.157407376939464 20.399114917394634 82.8506019994562 0.5924447493539586 1
3 2 1.4692e-005 0.00212 0.145 0.01672 1.347 29.544 0.001267 404.7970615076252 803.4909009612607 1740.0862669986936 2974.052031067766 8.132303585687467 10.291020459279386 327.23834313693806 93.63143756323343 20.689379435730512 31.269800280179368 24.064898846783116 19.71216353567023 84.90445114679234 0.6073368659391324 1
3 3 2.1902e-005 0.00333 0.485 0.05469 0.653 22.066 0.009288 425.58469079192014 692.1928801489052 2122.69517657587 3119.2668314604484 9.579061554866373 22.62055854883104 168.21527151965543 87.48062431939438 19.67880936792147 36.29768626715011 19.72727900929646 18.79448061599515 83.01881106590862 1.326210723080495 1
3 5 1.6704e-005 0.0025700000000000002 0.346 0.03866 0.973 23.248 0.005228 414.23053991061175 706.1106473599739 1879.3190914859717 3033.7553052387825 10.739272893186214 17.92376731827381 213.9617009813355 81.55401107323687 20.21820989299164 35.582242094688766 22.282006387158855 19.324234851362117 85.59550305461076 0.9261286558858132 1
4 1 3.5663e-005 0.00498 0.319 0.03612 5.031 17.14 0.032902 511.717506216663 1933.8984537266947 2211.0096892534457 2777.106341538997 11.77022814323204 87.97537945193852 21.592388460025965 15.541032856341637 16.366451994030463 12.991892077675114 18.939310941753142 21.110102671657728 79.29999162904215 1.2593316636173937 1
4 2 2.3112e-005 0.0033100000000000004 0.315 0.035750000000000004 2.669 22.243 0.008154 466.29660711372503 1968.607046681899 2216.9319347019377 2828.671452804484 7.653699846326542 79.31897928779834 142.03280934918092 22.6425405581167 17.960671109831647 12.76283148653174 18.888717034801527 20.725277211631028 83.82498469474811 0.5412656229220176 1
4 3 2.0555e-005 0.00318 0.282 0.032240000000000005 0.681 26.755 0.002398 433.3477353251405 935.3569679914079 2276.268774192743 2973.8723755442993 76.55481469632018 699.3424577949236 287.5841520014532 360.71802246176657 19.326280760914198 26.86140250171397 18.396333717159816 19.7133543732757 86.23184206394922 0.6856346467962178 1
4 5 1.6566e-005 0.0025800000000000003 0.26 0.029660000000000002 0.603 27.381 0.002096 468.8791049010592 700.3062644884844 2258.001587934729 2865.1012546001793 16.785237119934393 232.55151388425236 73.05562401924013 96.0839299048675 17.86174711659897 35.87716014271517 18.54515967736798 20.461755027286472 86.54798822897297 1.0366611915507569 1
5 1 2.3404e-005 0.0035099999999999997 0.267 0.02963 4.049 23.543 0.006811 495.04049376022095 906.6980642762509 2611.250503262118 2971.575033138462 8.242822787769082 9.602839044940028 40.747032819717475 137.58097938124953 16.91780794816461 27.710437454231695 16.036377952895535 19.728594885279595 83.02711019484349 0.8926694206537381 1
5 2 1.8267e-005 0.00263 0.401 0.04579 1.385 22.63 0.006706 474.0116794495182 951.7358433670579 2768.7891430276923 3160.4751702139906 15.16084672683615 29.574760283674326 101.53357072308566 88.08694691582386 17.668341020048494 26.399131833800222 15.123939685132312 18.549425906747622 83.6787692216245 0.4467321185693488 1
5 3 1.465e-005 0.00229 0.288 0.03328 0.695 27.365 0.002236 463.3663363181338 713.7397355237137 1949.1237183886142 2932.433150915731 2.7108574710408586 18.261701671669787 187.7568233796347 100.49497161980324 18.07425214905981 35.20190729126813 21.484013356842752 19.991930585593323 85.62119989404123 0.8754512602666817 1
6 1 1.1386e-005 0.00169 0.201 0.02308 0.495 25.932 0.002925 369.98184567727685 859.1541303865199 2428.8406209380837 2775.525043394874 39.34385733575321 21.838538591621766 28.445777644083815 22.750583240812652 22.636245799220216 29.243879661844446 17.24073602813294 21.122129717227494 84.54100148505283 0.22701528148968889 1
6 2 1.9419e-005 0.0028299999999999996 0.203 0.02342 0.904 26.442 0.003716 400.82081611388645 1046.291102810398 2227.231238968425 2816.1198302400567 12.795570318193093 45.549314522446686 108.10019489477195 32.06542282296628 20.894623391067558 24.013393531219762 18.801370628850837 20.81765107097825 85.63978185047725 0.5609230522355572 1
6 3 1.9396e-005 0.0030600000000000002 0.32 0.0375 0.452 26.158 0.002886 338.4302295692112 876.0267295917573 2422.1351419074103 3043.790921082275 4.055590527396831 61.171788946127876 103.49867422749499 43.0997214996105 24.746607330735678 28.68063171052858 17.28846556721183 19.260521343284257 85.52246111107291 1.4954792477599272 1
6 5 2.1996e-005 0.0034000000000000002 0.395 0.04468 1.086 22.471 0.00652 408.415982504089 904.4245014253191 2463.4863446155177 2790.812041789519 15.536893376202535 70.90036983690054 57.11545010754648 67.09845246065106 20.50605353064544 27.780096581201082 16.998267553431692 21.006430788656264 84.18636662340612 1.529590351681942 1
