1 1 1233.4065067786673 85.47895825005088 -114.88289051632555 16.358231762939393 -43.19992686243698 30.032547156964046 -11.03336627988609 30.964365577948026 -33.679122235902994 -9.560232017863362 9.911658498633093 5.156413928479344 -10.665379763592833 1
1 2 1111.9882381663524 230.28850423670073 -31.81253718028854 -50.65473919027703 -18.366653006108958 18.41388083271363 23.41197546688136 -3.2446928244357474 -14.645033794067428 -22.99902513747218 22.02399835530537 -10.2476612879652 -4.3011005494729515 1
1 4 1116.5709850002502 225.90625491822783 -80.151343895388 -8.265919066767802 -2.817471700785844 1.7163308662905146 18.504326091485815 -8.6557123473919 -14.94284451574705 -17.150742012840222 24.358442601530182 -8.330168224035994 2.360928181071358 1
1 5 1064.0388901650251 270.02040021642966 -13.159807707574315 -50.9156448491461 4.900023624107572 0.1306496524651492 12.326356971648167 -16.064810432913333 0.1590874286305416 -22.25644968527661 16.625025343663527 -1.695630399751272 -8.661886543788704 1
1 6 1260.4174132304347 110.90509383869738 13.825941171877961 -49.43747049245224 -6.016476950227803 10.421597603533867 1.0608782931041645 -0.9339731337479149 -9.840735070367929 -5.192371683295329 16.418935635560082 -8.075225511289545 -3.3642805507820497 1
1 8 1229.38006667435 90.80512998734538 -87.73644445194296 -16.422841018070105 17.30574224394721 -0.35972227074778756 -4.150437496368153 -8.756848577079468 -12.774608471197288 -21.75729524331001 18.998815274068118 -6.754029691654962 2.8713244229487693 1
2 1 1225.7904698508721 47.49470724453271 108.98526571770974 -6.258604182666524 -84.67653039389025 -5.226166689294271 -41.314709743762684 0.10597325503246191 -7.257975334303629 -10.36922215186404 5.49151593967728 -3.7174042216403436 -12.780307097729986 1
2 2 944.0190136709258 213.63009899909764 147.69589221846653 -27.81895720804108 -81.41118572210682 -5.779799895299851 -18.26439453929261 25.22765814499912 -7.805023310806639 -12.408316788539022 4.752950444753793 -4.7995677715369 6.426340918535484 1
2 4 965.0649946175948 233.5442139133414 138.82079380188287 -45.35748728987133 -32.18625410149036 -15.18704899910643 -23.645199635258475 -6.0021372223676925 8.976231167135449 1.5266211917527386 5.4539400199576455 -15.784967907110797 1.1040501398373477 1
2 5 915.2276824582301 254.004812685257 158.95297377997196 -63.94023867814873 -29.29514079425516 -38.606107861275326 -5.532591138593731 34.65789865472966 -25.06584513576522 -8.56035061715723 -0.8175556226564109 6.059321101172412 2.790453815001617 1
2 6 1071.5032092424506 106.5738189442591 207.71239023461214 -65.86325186983845 -37.329389600127634 -19.8241703037698 -37.56597621676182 -4.795426479603706 3.204165051459459 -24.38975748004868 17.24226063865568 -11.264573800243815 -4.183916895088075 1
2 8 1200.4068474078276 41.9748395978002 144.54414237073075 -11.949818676935724 -57.270079783364444 -19.633810158001104 -45.21618434412615 -0.20000852843245237 4.587333132054735 -32.422179124020246 0.5973454717151799 0.5694309351878543 8.28898030702433 1
3 1 1144.8147344897307 181.4686595457516 16.923169082652116 -71.74041134852995 -14.658475370377552 29.76624848174636 -42.914232886698734 -6.977088198151828 -17.67722907625408 17.281808343481927 22.135623771667102 -13.414206507637703 -5.752312466199619 1
3 2 897.9345727149063 300.5606052074447 31.642401323730933 -61.07102062708433 -32.07907895073511 -16.073243452473832 -6.353380924507279 -3.1226331747753866 18.673875621547374 16.68988022088195 -14.564472756396727 -8.123490806315173 -1.9833647811765052 1
3 4 1012.5259413763841 263.47348359280994 28.820739951915503 -60.59990978656296 -25.033989951359978 -4.437150183318674 -36.436203559707984 -11.388909218898405 -6.321270543206975 0.7439965501160013 6.917435410947115 -16.83426876027986 -6.3804830712863305 1
3 5 981.9767353692439 289.3081350514806 68.72841828156332 -67.47483698769742 -30.501262555100606 8.939779379072872 -14.427872331733976 -20.695190495428296 -4.490454754138459 15.79952687643455 -5.153000534833357 -13.115429169662649 5.864234307495718 1
3 6 1028.1699310640308 235.17597268023565 90.99293869904476 -104.90653067169514 -25.941816375042464 -35.318111633634125 -4.415192621753903 -18.656588740375028 1.2355668415936212 -2.3960358097521657 15.449132728941946 -14.357703517687574 -6.531417390316487 1
3 8 1161.3956091765497 199.4045078922025 35.796080289007556 -88.27621312522032 -11.394492762595217 5.003321527566258 -46.16894138337498 -21.009048659378752 5.342800942065145 5.059419926653185 14.953743199592514 -28.668607035630043 13.121768293611613 1
4 1 1245.466551171135 27.41716130939853 47.28074657835289 11.592568981927375 -100.70459461310523 12.681116911273465 -21.815979963179593 9.082198522770073 2.98834728461118 0.44061228420094056 0.8513045079498393 1.406281988404632 -7.415699120739736 1
4 2 1079.2702504656963 170.9885292047116 75.72777231478808 -44.65812932804479 -98.09051843789837 9.609391073493056 -11.293562350594744 26.514006017586485 7.233857149586203 12.246723593899798 -14.178774713776441 -0.7266613757133711 -9.903617805316843 1
4 4 1140.1641981148148 176.50596091634867 80.44492108809318 -38.33603837167919 -99.54372675061784 6.077205589732455 14.844571085631216 21.578739266406043 -15.17962248606422 4.778515521166254 -16.58250842428515 -1.465134570650963 -19.411909607538416 1
4 5 1005.875688427061 233.6577731604805 70.73668104655141 -49.371366453490786 -83.81147550910406 -5.4328695609993725 8.351394211647337 28.477441850362062 -3.598541955651333 -10.755340252001957 -2.47819679763049 -5.17507919164199 -8.962830629274297 1
4 6 1159.3975428973295 94.84326233419897 124.32521020722669 -66.76111681472787 -79.65090686259258 -7.899637696970959 -15.79134804367467 19.013615541666262 25.780622847364743 -3.962713178751592 -4.385157729032329 1.1331114665150754 -1.2448410158022707 1
4 8 1303.98286635787 35.57434433408273 29.080336560590204 -29.482105094582543 -84.34761511192863 6.893772050820112 -26.689907121944596 17.747542170899276 0.5315299728397702 -5.686036785663769 -11.56008957442634 -0.40102093831663654 -4.410832833652743 1
5 1 1208.160603436021 137.8392333465155 -37.48924197496645 -79.00364352901084 -28.9132024808659 18.383755946557816 -15.294370214713146 -2.587362949503895 18.600002395922893 -4.967348918722183 -11.063023778208196 -19.026637364343305 -0.500949195422077 1
5 2 938.4096993597157 243.12591908008258 22.137648790520565 -97.40369204413136 -45.05357570443719 13.883514184186794 -1.707316453373922 21.734628261407735 20.560744296175198 -12.216614904216383 -26.90426603285903 -11.851139296367617 14.920755852571896 1
5 4 982.0691829782193 269.15698939437874 9.114740321449181 -94.50040317442341 -34.85261667430142 8.90359045309311 5.839127245517031 7.279149638384029 22.084147071260084 6.036596294432156 -21.504580118494967 -19.81088711441077 3.3803496539370217 1
5 5 988.0881325009957 314.53554439205595 8.381315066253908 -90.1976515370986 -9.269344309262552 -6.198245406640661 4.96133534220942 -11.515961664631742 9.461098870857503 1.767445274186346 -8.940548608277547 -16.692244727543333 2.0081067686893643 1
5 6 1134.862406494356 171.19771581714366 83.6268409561852 -148.24560944085061 -5.576689310724585 -13.279177011244398 -19.32980358756888 -4.523115746940019 34.038226238586645 -22.24744036387917 -0.5033728514431376 -15.750469516560603 2.025627015319637 1
5 8 1167.9919693978713 179.48174420231774 -54.714142029194086 -84.77581434586368 -29.494390041262783 24.19083632429601 -59.845583755250445 19.35650865176255 14.387221706986765 11.646698887959575 -18.99815845565505 -18.502858346599506 -4.046903823924969 1
6 1 1269.7056620390367 62.67286374604446 22.185584298826058 41.34434307935656 -29.357731212742113 -9.623310658040817 -28.238993542514713 -21.523290585900273 -3.923177353190961 7.9812242674104965 -20.1987563181557 6.968265337459929 -17.032903101567637 1
6 2 1047.3750186419472 225.22036324920475 86.99870613278688 9.983142949528332 -59.42049246902942 -15.097461966619841 -24.6035390041568 18.76574259964408 -5.368830542425006 13.105815872483605 -26.002575697018155 -2.8610916171933924 6.7000269484784045 1
6 4 1111.012458676656 176.18715736371954 76.70993843698992 -3.036871058749294 -57.06381223118384 -12.491762272179745 -22.78906778930226 -7.0848512487198 -0.46103452033282344 -11.524507667784587 -7.403083988505974 -0.9398100960670323 13.41513013900518 1
6 5 962.9149763797776 227.6279932997763 88.16275370745235 -0.7490022828575181 -50.946089590344066 -17.5688777909247 13.738047015790306 -11.849478074833412 -8.732333312728713 -5.090497604324384 -20.346536486925565 3.9404812772417337 19.332187842371834 1
6 6 1151.0264066151283 105.34427687512084 125.83645379660425 -36.69824612505003 -20.90604662111912 -24.875127123863237 -29.793334355007683 -14.674330877659981 16.520654097107382 4.975416647558898 -22.155914867746205 -1.695273942307629 0.6341834528245054 1
6 8 1301.7633680898464 61.577897982772086 30.962143389997287 29.009762795899885 -44.91174813566777 -9.900877960000987 -54.65808079541129 -18.950502143667073 -3.217134546742263 9.631371176627955 -36.03909448395821 0.3196019554991523 -0.44442165196780203 1
