1 1 3.4537e-005 0.00417 0.311 0.03614 0.697 19.292 0.013813 689.2446807643323 1331.5476832071754 1861.9385238226214 2521.1721689419073 7.208057773379141 11.059980458622203 47.35874400387434 33.14484721878644 12.15098242138425 18.869020101092996 22.490001395980162 23.25307280565607 81.35103180250965 0.5454196299450861 1
1 2 3.6528e-005 0.004540000000000001 0.651 0.07781 0.59 16.515 0.032415 538.6103157084511 661.6110979388028 1806.9704166439901 3130.73518715506 39.46143024802127 26.866888957267516 109.09217172191387 101.61293272954404 15.549275154494763 37.97548148493119 23.174148073642883 18.725633595754008 80.92212498015095 3.2935103136105974 1
1 4 2.6262e-005 0.0030600000000000002 0.255 0.029249999999999998 1.017 23.895 0.005155 464.5310308311069 763.1885851990888 1573.5898409974343 2797.1841231630615 127.07888489714672 195.35865372063438 254.31713023574372 362.82095038687294 18.028935515924584 32.92108986856214 26.611127568958597 20.95857741881744 83.78625767591564 0.930722619384646 1
1 5 8.3378e-005 0.009519999999999999 0.61 0.06969 0.892 16.653 0.028325 489.1356398946517 711.5112249635155 1782.6589012228044 3232.846378737335 49.445785247861004 23.81070945184658 188.5468469969036 68.37077713140063 17.12204001696498 35.31216250493918 23.490192078403833 18.134174387493598 82.01422272529405 1.0913973090117517 1
1 6 7.7375e-005 0.00916 0.301 0.0346 0.755 18.014 0.023601 630.3108232903149 971.6147077309748 2429.490251399404 3384.023209047815 27.045989770104395 66.38877346088486 30.914063437610096 47.180343841694636 13.2870953354113 25.859015718972348 17.236125963411336 17.324053760404233 81.10842621552536 0.49371773252824525 1
1 8 2.62e-005 0.0032 0.327 0.03912 0.756 20.041 0.016653 719.9300807683644 1311.695549614196 2023.0475674498166 2557.1104898221793 23.032348672325146 15.93837241752673 194.48325907637678 343.54397774701033 11.633074132784618 19.154597274794384 20.69896955155937 22.926267845421403 81.09701431765764 0.9703454632820676 1
2 1 3.645e-005 0.0046700000000000005 0.611 0.07037 0.372 16.509 0.025478 323.17200716137074 2140.9924972414756 2320.523854980558 2976.9950594981624 4.865873813438512 102.89835579623373 26.236712298089085 22.949459413892257 25.914992061234063 11.735211605071886 18.045494300833568 19.69267628206361 85.13502654837767 0.144356236960896 1
2 2 6.3401e-005 0.00812 0.696 0.07521 0.744 18.674 0.02023 359.3739456181288 2307.8721117553964 2993.910708552358 3715.0444728899683 39.03908583522636 339.8000380113815 134.05287642677874 104.26552712490853 23.304416199663194 10.88665176550429 13.986723077739272 15.780430201524629 83.04201955450725 1.227078496866568 1
2 4 3.4231e-005 0.00429 0.361 0.04146 1.712 24.227 0.004272 318.23011867964084 2356.1310401910937 3057.7950121121407 3685.123816248073 15.398447857751048 346.4110244743393 137.42823028598383 93.63186677847517 26.317433543840743 10.663668349262204 13.694508570433984 15.908556380525564 86.16469032868737 0.7558184323191003 1
2 5 6.808e-005 0.00823 0.452 0.05173 2.217 21.811 0.011328 314.6455571933809 1620.9753813974921 2826.024587447004 3516.338111254317 33.397507233607506 957.7330955970587 309.15881895987627 295.3214268298677 26.617251725098193 15.499926950364276 14.817634703535742 16.672173762917186 85.82303857636046 0.848954584507752 1
2 6 2.8313e-005 0.0035199999999999997 0.465 0.05476 0.663 21.17 0.008774 289.2492600979769 2265.2985015235463 2619.685446646933 3314.6554194446285 4.966300554464033 171.59557632674466 158.47380521729977 63.303612403623724 28.95426594060483 11.09125352932603 15.984743532319087 17.686604663667463 85.90245141678422 0.8331029514716092 1
2 8 3.8306e-005 0.00481 0.45 0.05316 1.21 20.765 0.012151 275.43781033029865 2264.601882307607 2642.4040763877474 3273.591573250355 5.372604587478578 101.48380422415475 178.83312948249278 102.13020500501496 30.40613774106356 11.094665334463942 15.847311307983029 17.908464965222016 83.1573455890613 1.249423142784344 1
3 1 1.2521e-005 0.00168 0.35 0.041310000000000006 0.838 23.105 0.006174 394.5553215470263 815.3302473004962 2487.1645046846443 2846.9564812456315 10.396459629650709 7.117621834967523 27.007213692280384 93.63389807136944 21.22642768360634 30.815733971831893 16.836441627052515 20.592165839623142 82.71883372815039 0.36159356738350484 1
3 2 6.0462e-005 0.008020000000000001 0.492 0.055549999999999995 1.023 20.902 0.011042 353.97314185544826 616.2918194069607 2234.2641331069294 3148.9156307620706 17.911973813078756 40.76688540050316 93.34944219725766 76.92577650469112 23.659987184621176 40.76802451179222 18.742188705222308 18.617520084465436 87.06118739848677 0.6408486641195066 1
3 4 3.7174e-005 0.00468 0.471 0.05654 0.623 21.788 0.014611 348.57448173030156 765.2521375482361 2235.874674686327 3228.1218894856843 6.923900873816177 16.222928871929827 98.93874504402501 80.19553066108622 24.02642889527378 32.8323160004454 18.728688362586638 18.160714498094848 83.92748741481941 1.6163778203918595 1
3 5 5.2494e-005 0.006370000000000001 0.54 0.05915 1.689 20.554 0.016502 322.8850961556034 691.7560141072283 2295.0311343239246 3196.174606956319 10.945772129620371 26.97299820171346 93.35944126091738 68.93958740018968 25.938019746702576 36.32060941663949 18.245939836600794 18.3422394610124 84.6417533409958 1.2507459546050472 1
3 6 2.545e-005 0.0032700000000000003 0.266 0.030699999999999998 0.362 26.616 0.002646 365.7881295595059 687.7911088542392 2529.12470412203 3414.408305388508 2.3416475541767583 23.075584528728886 89.37808640725143 21.45404536673175 22.89576758569353 36.5299866144746 16.557111609305423 17.16988560140272 86.0419097928063 0.17130578579825756 1
3 8 1.5229e-005 0.00194 0.143 0.016470000000000002 0.383 28.771 0.001895 365.2258265229259 869.885094953857 2489.614936223121 3134.497592572603 2.2971239996464186 8.174862522562863 24.883049323246098 123.27822625870932 22.93101799435393 28.88312507680426 16.819870169772766 18.7031568117697 85.79810866576865 0.30703062229575095 1
4 1 2.0265e-005 0.0026100000000000003 0.301 0.03368 0.718 19.626 0.014838 436.6516487873767 2008.278082250844 2252.417060119794 2744.936241608445 4.931068444220063 26.991361056304203 31.93517909890176 22.657765777969498 19.18004895494652 12.510717625240588 18.591139599063816 21.357508823464556 80.8687255419598 0.20265542933952574 1
4 2 6.2007e-005 0.008239999999999999 0.598 0.06702 0.925 20.216 0.014627 411.42738763473886 1694.9238602088442 2583.0526065787544 3337.733327605032 56.189385332834696 773.9447273280258 242.09630755672612 406.3039592170526 20.35596134751059 14.823674732447369 16.211439090845044 17.564315134206954 86.26741865117381 0.5791257305552064 1
4 4 2.686e-005 0.00332 0.301 0.03373 1.926 23.778 0.005009 445.7041599476654 1802.655535453433 2682.0316116142226 3496.314286785277 68.3906078510431 742.3521211396959 293.7170773300814 379.07380361767076 18.79049098618104 13.937770975018893 15.613164221728496 16.767657364665396 85.09233867784381 1.3564331982891031 1
4 5 4.5853e-005 0.005430000000000001 0.439 0.051820000000000005 1.433 20.999 0.010162 423.00762896066726 1752.188964588127 2674.6875998475793 3477.3761762172785 78.04383739127678 771.2404866888256 274.04552303124217 368.1918902289157 19.798697296730637 14.339206847993095 15.656033999030878 16.858975569267518 85.25127930635199 0.7663595997617247 1
4 6 2.681e-005 0.00347 0.329 0.0381 0.437 22.499 0.00635 397.8804025203531 2101.261823906677 2606.1170754464624 3345.88544549182 2.6995730977950902 24.58106766936085 29.145381076590507 50.58419269768779 21.049038723568668 11.957101068579579 16.067965785008433 17.52152037332604 85.3473083557432 0.17523273058399502 1
4 8 1.1303e-005 0.0013900000000000002 0.347 0.039760000000000004 0.321 21.251 0.008301 473.53854468242866 2062.2320992800655 2486.496803566691 2908.9574683252804 6.315414535866188 13.450319799034308 89.29913870200963 89.3583398204501 17.685994295599663 12.18340069906353 16.840962731153923 20.153268185715714 83.0465447747185 0.5290748863543221 1
5 1 3.0201e-005 0.00387 0.369 0.041600000000000005 0.605 22.187 0.007423 511.9580161989756 955.1991258775286 2353.3777236150936 2791.7870789649214 3.974177933619809 22.26584806732431 38.94712186183015 127.98085173457272 16.35876328723214 26.303416030576873 17.793573713137118 20.999094251032822 83.91663874291538 0.807581637633359 1
5 2 2.3514e-005 0.00305 0.294 0.03396 0.912 24.077 0.004904 486.2371280974269 592.2799356241858 2230.023221241107 3042.0436628749817 19.062072202888487 32.47651725174067 105.83040530992044 114.6490292995405 17.22410633834179 42.42081909042137 18.77783137015708 19.271584006323746 86.18227267263731 0.6207127649870372 1
5 4 2.2161e-005 0.0027 0.241 0.027559999999999998 0.777 25.848 0.003026 469.1432913527339 738.8414146480333 2390.6086560898966 3185.1081967665405 4.48938406257844 17.66798722996376 152.79182076369415 158.01509463539932 17.851688715086205 34.0059443094009 17.516459623504907 18.405968142468428 83.7892558332289 1.3831396237556721 1
5 5 4.2021e-005 0.00507 0.413 0.04642 1.436 22.169 0.010287 443.1269843424922 749.1373065829116 1843.2527740814137 3096.0924626421765 13.556912879217112 43.77665884694793 308.9349353237177 97.2743176880602 18.899774321861145 33.53857801396153 22.717991036724975 18.93515801203494 83.70552751491842 1.342941568410322 1
5 6 2.1587e-005 0.0027500000000000003 0.297 0.03428 1.306 24.627 0.004207 473.55758359100645 803.258141754945 2594.288480255205 3445.943400798557 5.824122490578155 40.94934522936251 104.13374281532089 10.457363479870903 17.68528324790416 31.2788612949597 16.141227283976022 17.012757663522375 86.16185875611717 0.22638597988951262 1
5 8 1.299e-005 0.00158 0.154 0.01779 0.835 28.652 0.001613 482.34971177216096 971.3535612867106 2406.889675929072 2634.036042657525 2.3551707903784376 4.957334861061789 65.4521597886379 148.59563824333966 17.362921124654783 25.86596786315169 17.39797233698966 22.256718985839015 85.71635085471534 0.520870915887689 1
6 1 4.747e-005 0.00588 0.895 0.10143 0.547 12.885 0.056529 362.6798539348791 1501.1357415920018 2065.1734146423523 2944.3240404150797 43.143040773902115 30.364605039931416 16.269305331771974 64.51347619542629 23.09199121245861 16.737327147613012 20.276747561778937 19.91119156563191 81.41313946217174 0.5801414921444287 1
6 2 6.3095e-005 0.00804 0.505 0.05865 1.023 21.094 0.00987 315.60201620707494 877.555198722313 2308.1829353088006 3149.0765957072063 49.92891403804687 647.5807198409254 379.39907921103156 346.5088387327072 26.536585857882915 28.63067763324865 18.141976253020754 18.616568450547405 85.46340401720559 0.8596355827893643 1
6 4 3.624e-005 0.00451 0.463 0.05303 0.651 23.278 0.005473 294.7573679612439 1122.1707829387378 2176.794836447705 2924.0635027002104 9.479484891909006 90.16245247047527 42.09881036075691 80.13436865850514 28.413199839337636 22.3896401349915 19.23699895775915 20.04915418077038 84.24793487747502 0.8924505570587833 1
6 5 7.6825e-005 0.0091 0.741 0.08188000000000001 1.369 19.44 0.014732 278.98906761625256 805.9507676420798 2141.218521546644 3122.430331073723 11.368843507339884 153.72713251761613 78.88854522428504 66.2391145525122 30.01909742040413 31.174360778272668 19.55662141842154 18.775438931840114 84.92583384326652 1.6137892198411077 1
6 6 1.4252e-005 0.00178 0.331 0.03821 0.347 23.031 0.005608 328.5947869731406 1853.3107789794387 2809.590347591611 3380.245507091424 5.0178172167184085 83.07871074281576 30.402364110595798 39.80441364012586 25.487318521229536 13.556819657540418 14.9043080376096 17.343414813217116 83.98399501462728 0.27039406742002325 1
6 8 1.5367e-005 0.0018700000000000001 0.222 0.02546 0.562 24.78 0.003582 323.1899034165998 1655.5949334236104 2248.131841696457 2950.27569723347 7.912805919305436 49.58578052075872 63.45011074152507 31.25610501277984 25.91355704947384 15.17581353552703 18.626576619456987 19.871024275790152 85.5539692882261 0.4752579544546387 1
