1 11 1238.9915682455805 99.220783757308 -31.151236348335367 15.796839796362152 -4.073957806059813 10.199103238742536 -15.038058024708217 -12.450821843792477 -28.87588933474205 28.755651783037163 -44.84192231230587 5.829070137168517 -4.958409233134733 0
1 12 1244.431552878975 106.51096989271382 -18.61793812876039 -11.158043196617033 56.137550315989124 -50.34121511691199 -10.499520887498575 -55.881767740087035 -22.955249955875924 -7.7253971382028395 -19.475044045747385 -10.086145939459664 -2.297103834257249 0
1 13 1181.3111619655178 161.41552892817035 -64.7781198165949 -44.32320671751809 3.5117053675745584 0.23714593671911627 9.440416124039427 -4.256941935357388 -37.37425228367231 -2.6941108367536715 12.49486978130161 -29.593523941252894 -1.3520400996960633 0
1 14 1341.6938595692611 58.27988073854318 -78.71318338553351 -4.096647759831474 -9.242328663049864 -46.9784627095718 -29.61256106020084 -21.407170035281215 -23.866481344903107 -8.641126820049013 -29.33315052575206 -11.892772820526648 -11.460854671156108 0
1 15 1269.0846746012987 91.36250042568165 -42.267418604501756 5.486217158156254 26.642404999286114 19.887913398474584 7.879983185927719 20.469433849856877 -34.410732158537876 -15.479680259610202 17.036726298039323 -18.61625875557601 -3.000759430379514 0
1 16 1218.0418918593093 139.45312198292172 -6.352182933126119 31.725633528448547 3.270603241715042 -12.37132524410616 -56.647838990854446 8.496252406034321 -12.758438075794265 13.345230980500125 -22.80406692229022 1.4093877970238529 6.330805403326468 0
1 17 1269.4312083239238 71.54644680627085 -103.10025384557889 18.110649274035634 5.571581184616162 0.9412878630173349 -28.848952123895387 19.059560220311734 -34.92804343158478 -10.018127488598415 -7.635237155528661 -19.206061743223692 1.1320863178217067 0
1 18 1330.7189234658997 77.09367132214025 -64.81992706717324 -25.55988330446037 40.05997466938913 8.641799280607561 -9.323646700590478 8.2808631677542 -13.232650945159097 -25.3439209709266 24.700166367282968 2.8427315274075173 -0.4605048359844208 0
1 19 1227.00576071218 138.90315401132648 -46.39418291479468 11.4758596095953 71.23071120858076 -39.342125160631944 10.45053737429553 -5.913422428668269 -19.20421750285276 -38.39935782179409 -21.531014786256687 -9.092859560342442 -6.604245696783107 0
1 21 1213.3623748706013 120.69108697600184 -84.34504954743744 -40.508272122514 32.16167451883825 -11.531486092081046 -7.683789848736893 26.25090886104093 -15.075822288044428 -6.671670178136565 -15.714673646702995 11.199846819682818 -1.6954150969151611 0
1 24 1277.5882129455395 149.12925480450642 2.6857261845745226 12.905661249683007 36.173516353862695 -10.143518709463724 -12.825130135587456 -2.358465872122367 -22.061903710356543 2.985396191226576 -26.920869574082484 -3.9089350247322114 0.08652977143147164 0
1 25 1345.5523261744008 80.7557303212144 -64.14472696350808 57.21825599875222 21.131100398300784 -15.311427249615287 13.638994102716449 -26.644796826624706 -27.571706200701943 -31.13769032097436 -8.06828739793247 -6.83015881759615 -2.0632330662871428 0
1 26 1209.4179486438047 165.27654879888513 -130.16502143783262 -11.362467090281067 3.188860325351519 -51.45386428128937 -15.008807027014594 -12.444372083699376 -28.011356272643653 -8.402330976916147 -18.158054756917938 4.393948417467692 -0.9446593488524824 0
1 27 1352.958164339383 93.86384815596703 -81.15714315624881 -5.477976043873533 -9.656669149146353 1.8215756189050472 4.447020775437295 16.31609397155015 -13.951848465869286 -34.6642276103263 21.15421706040124 -10.935405498708608 -1.3031982923039838 0
1 29 1337.5379427343355 65.3173816294393 -54.53105020809863 -3.8497895952187156 30.590826829565305 -57.11942935020904 -5.966341413811967 0.39762588397445475 -26.158940552975213 0.009095378872121158 7.259463132680036 4.190274699434433 -11.571152914482552 0
1 30 1350.1744091794415 69.25668781761291 -32.19677836665745 17.57639013277886 -29.751582024312356 -12.779860593272957 2.1646428633900547 -27.03365956336408 -24.213123692520362 13.054398186385393 -37.19762821517995 -6.07333154235486 -1.5336736526430172 0
1 31 1221.8195047554138 150.4309500764746 -31.195619068178633 -7.061326756783965 68.56101621126682 -53.2774386833202 7.359940882762236 -45.05872200661993 -36.10242895900537 -28.903125248452547 -7.329320270160862 0.1655481685721917 -10.748931178398756 0
1 34 1349.7772815988765 78.29219857492342 -42.81022955351711 -15.965498527083053 35.193944277183796 -36.24893785096914 -18.124910869910064 -2.2757067535349904 -32.178692729681245 5.420583237502649 -14.513221102154482 -9.24353317810503 -20.23855541470601 0
1 37 1243.926994602205 143.7655514392398 -67.06008282112224 -52.32012694920181 67.38307628087752 -20.066287299027024 -28.982500500811486 -14.628438229515377 -18.712099268157022 7.023856504676446 -22.835299160135627 16.058660547729716 -7.834162004833884 0
1 38 1258.9788561916073 62.654642319654776 -106.99706115732532 -3.3188987551080653 37.41391443434411 -18.224448571471843 -18.667152053373815 -5.634397085118145 -28.108190507761314 11.334398550128713 -11.727095863837064 -4.092972432517986 -18.23827431832312 0
1 39 1211.7016355610856 56.13191691502782 -69.12660697806595 28.062143994925332 0.5517541620561892 -0.06598503793108693 -17.79250795185595 -1.156287323813125 -27.576598868646265 -11.0306664202408 1.779442076605864 -13.678266901326586 6.523484750586483 0
1 40 1113.2445731728424 142.66549471067918 -51.19869507811217 -40.572470995807784 39.24691988264858 -11.715514208067315 -18.761881693021657 20.39582233300827 -18.63101681398514 -11.731869468070407 -0.7841431904927589 -4.612957065656997 -3.285867977074724 0
1 41 1266.4289727812763 143.18343287507312 -61.058404540580874 -9.244795584357682 18.684029292574255 -67.97082865445984 5.67000150980736 -27.476500720001447 -13.88456795978075 12.540732327832806 6.901695265816725 -14.470493006351882 -7.5415209124941995 0
1 42 1200.9560450785002 154.5953637049236 -79.24422540640042 4.361556305915549 13.52618151495031 13.223045393031706 -22.939300986530537 -8.240638952987766 19.983093196689026 2.8750038504196382 1.599815031968623 -19.63303667949781 3.6460562210237146 0
1 43 1179.3421249997411 72.29917441995247 -69.28230984208248 14.107535697306552 -16.862817244737975 -7.5160176029009325 -34.4428156779835 -19.988467526739967 -29.77211170882144 -4.251634604112316 -12.444545647246207 -5.788137570747398 7.102815238294122 0
1 44 1272.3017541155587 19.90972556105165 -108.59810080877703 25.05578700976946 8.091031888475403 -10.937184807048174 -31.44822229798577 6.053173551645551 -24.62570768437601 9.922788789277876 -6.140994887184461 -11.49113569409929 -0.8130418445023713 0
1 45 1218.1395897090822 131.69425488568524 -70.51811465328555 -11.6741993384833 32.22336972858997 11.250292459360788 -34.13064051861701 21.84085543812921 -26.81757568546519 0.9060471582967005 3.864333191383383 -1.8926904134389586 -11.2329251547495 0
1 46 1213.0518119133417 133.8141586076272 -52.75545189346937 -26.97961813092466 68.3051891325651 -15.792958376291994 1.895075033956554 8.17480543988736 -14.723991069151968 -5.389213792515259 6.20797014594871 -10.146492385714406 2.2212273747363187 0
1 47 1313.4608897863502 87.93479269015998 -41.93839660925439 2.9165640071083843 -1.536450400253836 -9.338097571911394 -12.090419079742246 -17.081826435772026 -26.74116027115455 9.025699446091196 -6.864449636520301 -12.650646173115454 -14.762352912271771 0
1 48 1327.929221025585 88.56167971417806 -47.85628627795327 12.497387642695065 0.7064156417807455 -40.29108475472817 8.375395763625127 -22.486194282478753 -33.63548514285688 1.1568712420042584 -15.23364327664221 -7.517226359561209 -12.567569625674036 0
1 49 1298.4168618297913 83.91352027004282 -50.719115934752345 -13.62465728757906 5.269083765893759 -20.97997676457335 -7.923765436381048 -27.17056142090542 -19.56519557259918 8.921767110146444 -1.4385436263525642 2.20205962082909 -8.399343117475782 0
1 50 1280.787507037795 -11.482434062910535 -108.23838714518067 -20.931788228050337 14.20943457136206 -52.38368795097772 -17.64612146272283 -35.70524219314725 -21.589463046578278 3.8058167130395866 -24.395289572584474 -19.701209107820418 -23.008171134868128 0
1 51 1243.8484776157522 121.76135230518373 -54.92501709653038 -33.3914085998002 33.08893642776771 -8.892377358731938 -14.523789705075028 -6.013286926120475 -13.83093670501968 -19.202878692863976 -1.1738121831411263 9.657601304407814 2.2462466178918836 0
1 52 1161.2253603620456 94.92949313151851 -63.45686703276842 -41.53084812003363 69.2772028849946 -27.480587806412025 -15.100220434836197 9.827727455288322 -24.411530178729535 -14.72768891812579 5.436292450797662 21.094281660795172 9.443608227552932 0
1 53 1240.026606832636 153.69777479485214 -71.60903755126734 -34.913143093505084 13.206426584336176 10.157404068597122 -7.995567976381857 42.31403222334512 -33.85864776236249 -18.1251908502109 -10.190073163773048 15.065610835442387 2.551657216991609 0
1 54 1272.1953751204824 121.3934898162865 -69.74615722773734 42.4080928231467 -20.52845299088309 0.22110169357979498 -11.55567421924205 -4.001160237488971 -0.7721553227324278 -11.991830864316354 11.409243244986854 -13.785275706935758 -1.0032825536450023 0
1 55 1163.2249864308076 104.12569722251338 -72.41578988391429 4.565063513401312 27.265662231973966 -34.276073707680695 -37.55488394831402 -4.276830536143281 -4.225367236860425 -4.299225184216047 -6.35638227953289 -6.162320859388821 -10.910033307649684 0
1 56 1156.8980199386426 88.40461066964453 -92.9320028720329 -63.93688295190887 9.488609284269154 -33.80723048530713 -19.115279947071958 10.550543693707418 -18.496843819633824 -11.473593521415369 -3.5874983242602174 20.42832506911157 -5.015163332486027 0
1 57 1181.0620993292735 186.0063856938118 6.529736582943087 -40.61999237818142 16.33369485759913 -22.23142249765315 11.414012326124784 -5.746162612735609 -13.027342175456033 -28.421093751481003 1.8877262280885008 16.650869383921584 0.9048351366267963 0
1 58 1254.388532397623 122.27471789166799 -76.56800768056543 -12.684034653337552 51.91154334529081 13.384662190821377 -39.472178791507076 3.1368081004372588 -25.66521768629811 -1.7937918699655215 10.718839655013428 -6.892328314749977 1.5000247383992613 0
1 59 1292.1868988076526 45.437923967373315 -61.74914156600479 -32.46317613490016 40.51160110191113 14.243889313857215 -15.032083862942486 12.242565799111354 -12.799719724697871 -9.617550590733286 12.009688565296504 -4.559089183391896 -0.024824382010588213 0
1 60 1258.9048759434695 59.92254685077148 -54.4266000598475 -8.771660725604283 57.443363135281324 -15.568350136142428 -15.837579194613957 4.922794575012578 -39.46268899165116 -15.522693072414844 7.860668388037761 -1.8680232873022744 1.675594712388159 0
1 61 1251.0739526081813 136.03772805039267 -47.030460295378035 46.666732896488405 -8.244018763072171 -42.342285069036706 -24.614028927721282 -34.43042084497735 -27.336008718424235 -9.021367343558458 -16.166398252967767 -15.50782161653499 -12.162879602872442 0
1 62 1200.2379654184588 181.88902545565082 -29.458624502361978 -12.37468833803789 42.840262747112185 -79.11405385761408 27.02398074275308 -42.194002573276386 -7.369501650894084 -3.4475765409132606 -6.503519824875427 -7.136409199069069 -12.751855087807503 0
1 63 1232.0624119312065 141.68127027120377 -78.31110063940692 -6.22974522970525 -9.094650741983609 9.048302674653996 -18.23416195798758 -2.045343485832623 6.1766811175268135 -22.155629054456046 -3.212287571284074 5.767872236978386 -6.778213197673679 0
1 64 1301.2677827513073 89.46505913493365 -52.020759355696605 2.9467755417017916 6.5185452811735 -2.088001277879346 -25.408349026025803 -5.057877572738358 -27.212827350575246 11.666855367413485 11.193848642366305 -23.998687762673793 -2.817016433942736 0
1 65 1203.2154137544746 101.84053511364165 -74.72085873786689 -18.551386527070765 35.21244069102944 10.652210143607151 -11.017470000955495 12.793533494141354 -31.874380308817454 -2.3399014466964108 15.266019358709546 4.033045020628372 -14.004504605186295 0
1 66 1175.98566647386 42.682921192074176 -73.55522335721106 -10.409501045986211 21.023261646073575 -18.339118239653722 -10.13440575209647 -22.907855842183178 -5.329403263100409 2.581034765731704 -5.052885285655201 -10.97535063837166 -7.777577345024013 0
2 11 1209.9369087825237 116.88515112962332 93.08457079871673 -26.867645868169685 -27.58615515601251 -25.7957904801927 -32.47535121678916 13.332434665797523 -31.075498691822354 9.581282785035741 -18.300961099294092 -9.547781203364142 -28.463905147423485 0
2 12 1118.5960257299143 137.49346608206093 140.10324944907083 -66.27785557697885 -10.172907882297714 -42.84635947236573 -40.66171253313926 9.109174152462277 -13.032807383565274 12.229252137451903 -40.234066981286 -7.875390283957989 -15.14706370798753 0
2 13 1186.553629376767 99.48845815377972 118.6268001069464 -84.13472087991939 -34.96357291169925 -34.48896680262678 -24.094909058546435 -3.3023150453076453 -32.80071956948598 -29.264727615002652 -15.871346387984495 2.0317923707115395 -12.805651306894664 0
2 14 1069.7657002416745 181.4850148781252 105.27773743552669 -77.7543893625372 -13.22260512161137 -83.2409478942648 -2.2786652066336903 -36.070367301523824 -13.746736754868909 -31.367597377060978 -27.969449472707325 -15.856110123298974 -2.9394185386693503 0
2 15 1131.8517192938534 126.2836139079467 153.25600502142572 15.701771062454707 -33.420421308302 -4.578854642738186 -22.28887784921013 -15.067745502723948 -18.563267949072912 3.033788844927649 7.046255799368811 7.075625714953808 -5.701583214065956 0
2 16 1164.8096608757962 108.42310878429606 141.00930844523313 -46.52731380859857 -29.929367453458443 -28.427050762666106 -8.611203464194736 4.751544742040085 -37.34126091072089 9.861450135717774 -8.04657045597211 7.013329749103639 -15.032441541274595 0
2 17 1240.7275219769272 92.36105533313992 124.52908625167463 -32.47723085507872 -38.99620149689797 -27.540132134437712 -24.603957562131413 -0.9323750042047323 -28.72203765645404 -4.418452163244655 -11.490060542458899 -21.89265987709981 -5.037953283341319 0
2 18 1203.3546830169419 67.77165993269429 175.05411716494427 -20.949239070330385 -42.94791796256154 -17.493354830926968 -16.120135017654917 -25.762362916392433 10.77952304987376 7.8518748899033675 -5.907779708802104 5.960682733834804 -14.638593550569835 0
2 19 1074.8890674265265 161.3782197364854 132.6650651432616 -16.2829627263452 -4.774988860482535 -31.91101107551588 -12.650398576540166 14.158841300136645 -27.145535008653887 6.205504718150723 -21.956975316820994 -9.337762702285817 -11.049156137868518 0
2 21 1210.7543867949494 81.43477492325916 87.3330810835017 10.44803636781309 -78.02967156372749 -24.045775435878816 -9.553152073870471 -7.330247545951635 -3.144528125276962 19.344766087658062 -20.015918351578662 13.3189419350539 1.0376051909192832 0
2 24 995.9418274752171 176.1653045137526 149.8296945218782 9.690738506325003 21.60870412497085 -30.39211981129969 -31.467309738286037 1.1116062539720268 3.941860855156823 10.301475512450267 -9.348255423506503 -9.623114663013686 -23.706656502552292 0
2 25 1103.292397817718 167.96746047663444 114.97985774253907 -69.1034861094591 3.465082317002756 -68.6448268225796 11.999884937558129 -15.35248786672347 11.356121259137637 -16.852543980878778 1.8635962284073546 -4.426478217329278 -18.725279262062674 0
2 26 1163.9429467586383 146.38523130136872 69.60985380858024 -74.96916860083277 -10.093778373717374 -57.594983101840455 -18.350263333413245 -7.177452880156536 -16.727962376771096 -14.540923951885695 -34.583552100491715 -0.5243794491839332 -10.938374871763218 0
2 27 1234.610441550668 94.22705437419204 113.48584089747392 8.078906403045494 -63.920976535865314 -3.5178532040973534 -41.56324082354473 -17.96555729399708 -0.8392610409620545 -4.658420003671425 8.970521733388223 3.400905912198294 -6.818139199755531 0
2 29 1084.83274052985 186.23204958733737 113.5902257978476 -24.38285684590057 -28.377342359875115 -26.506211529769317 -27.833752350160292 -11.525812146655927 -8.317592158309829 9.332519002723405 6.21032408686546 -17.677627025172725 -10.805060660813618 0
2 30 1130.7282277201878 149.60516390994582 133.21918369798883 -56.360240647304536 -38.829103464889684 -50.04155454579194 -3.519208343594984 -7.799439040450511 -27.93874060377365 -27.218251320616613 -12.602090076325544 -9.452689070512651 -3.8419347326607562 0
2 31 1108.7608406707275 150.42157828702975 129.7464778975614 -63.182732449589665 -11.13121305105367 -35.12488126857047 -38.297865327064315 -2.681899399418755 -42.951483229794405 17.203609877381105 -22.44102136329632 -23.297949421431312 -18.77228686056247 0
2 34 1184.3247911942244 90.54643070071111 147.73791076302362 -90.4318313544788 -27.969206599905014 -24.278502801692955 -46.536488578211916 15.140770316507469 -27.308134101362192 -2.3286868340203832 -20.732618741614356 -16.883094833280836 -10.975302646345533 0
2 37 1144.2386730720964 126.08163439091473 129.2936194786429 -22.05479819137563 -29.632806349265877 -35.809503247797934 -20.840059473286193 7.467021692173951 -1.1958506765862384 -18.538401284877413 -9.425598908845284 -18.264894668787235 -0.227920424495532 0
2 38 1156.5029805936776 128.08215646341424 88.16622274007264 -72.60891486007066 -20.961000531640853 -56.798787652728834 -33.760040031149124 -5.048658130653651 13.68911780099669 10.214117295737271 -15.143989599767057 -5.447072450150762 -9.975619286737773 0
2 39 1145.8008247715127 125.41174839415666 135.93468212010436 -24.930527206158775 -65.35091642654506 -3.7368091539697876 -26.54927883257986 -21.60674421438196 4.025130483386657 -13.561485317687701 -1.0776692606452587 6.112706681815558 -0.19974943882388138 0
2 40 1012.9069086407274 150.1982557789394 162.52250083037586 -55.206471578994126 -51.544237015320284 -5.414078483036193 -60.24561556530421 -5.667381209696523 -4.413492068863231 0.09803116380629165 0.4430603531264934 6.697164758592468 -17.68633737276864 0
2 41 1155.8453839282763 109.13768866161313 125.89208162925117 -76.11980512164313 -34.809415005211726 -40.54545842470047 -35.17404984290109 12.275455613672376 -21.25762496418673 13.480730229301757 11.745783888138632 -12.141723894764304 7.578900656867735 0
2 42 1137.282100652596 116.46020379408529 83.86177571744126 31.011165459894773 -77.40839170356756 4.240382769137276 -9.538448015064892 -8.659664208390028 38.45759384251398 2.857463829237971 0.2507273912196235 9.178137284526372 -6.005298133393665 0
2 43 1091.5559105892173 161.05393255787877 154.3843484326358 -73.21063440650107 -32.06023777455429 -31.842408627782017 -8.402644387671296 -15.821174271200073 -11.11686062137731 -14.81611107985244 -24.518457105410327 5.996129644243117 7.183850658898384 0
2 44 1171.0620046271677 111.96891017623325 107.78974381437995 -43.201967139411536 -48.725682541418195 -24.840116457537444 -27.964365797848167 6.509229455315839 -13.573865135069482 -5.537266538123344 -26.38703350866896 -7.1858856946733365 -9.859796587441553 0
2 45 1077.1025898345085 124.45666148179119 155.1395759672789 -47.61598537318962 -60.425081194076135 -11.98598548679151 -48.385901320357334 20.27563514040268 -17.34009115011929 19.112486826623595 17.991733784852276 -19.8099591564738 2.720839060516787 0
2 46 1093.1049896589464 137.76347990078787 163.90056168869253 -52.44472315354916 -18.84148799721224 1.1144851624111995 -36.04874794759286 9.111432881202529 -12.586171034177518 -6.712218290212803 4.49473638700181 -10.606688963497179 17.612096471590895 0
2 47 1122.1557307995815 143.7868275491089 115.84408177668992 -50.36212462036127 -40.95136756321025 -15.553259055251688 -51.7607247542134 12.843755977339564 -7.6301130437419715 6.037250794546447 -10.254924083052524 -22.607653131958774 -11.164764946964345 0
2 48 1217.6206822035065 90.79486361269642 129.269455186599 -55.24240492367299 -19.550304711147987 -40.149718691204164 -30.60987678731187 8.223018561751164 -21.631107554033797 -1.3195267486632392 -24.14508011608755 -12.18582036541816 -7.646109755134205 0
2 49 1150.7902446309859 143.6266216631945 70.00859160883822 -53.54070566604109 -29.809813926785317 -34.38281761050192 -20.43844595672544 -6.965588913484112 0.4369477018589004 -7.1313822034615715 5.432042319892516 1.1886907950825303 -21.346719994639418 0
2 50 1267.8350757913754 46.166512807083826 118.7028920777416 -51.65568991299806 -35.83316970306528 -45.795205009978616 -26.734956207327066 -9.401574853219142 -14.38972201814918 0.893938419835946 -33.35589839543336 -18.551794049084595 -13.011810872766558 0
2 51 1012.8230286333471 183.28904730960957 141.6332508524309 -8.773384745053741 -31.028673015960415 -36.99334306230062 -33.288748808896266 -9.121818763688728 -10.422023788016077 -8.443732820675365 -12.923816481620188 -3.382154244958768 4.848531836031891 0
2 52 1070.9683480810002 124.02886473532283 119.0794418846457 -22.322766345867002 -77.33158214966419 -16.110210753067534 -55.178321325995846 -7.229314209713528 6.7802038568262875 19.862345237603378 25.686422922015595 0.6961819600341722 -12.45596671945059 0
2 53 1097.2958976797968 117.9414978218317 91.6850790359444 -15.2625944063535 -72.11016768045407 8.015017107750705 -59.790099250547264 9.13883858820622 -10.471191716201751 5.360378392387362 19.300426641375353 -0.5926246410375639 1.8226224328399594 0
2 54 1075.133599103025 146.9369969750133 173.38153696990148 -71.71163538897798 -16.71792961058026 -23.833978142738896 -39.62412679444405 22.823255063790096 -23.24550655877708 -7.097952743830347 -5.274857375655555 18.53211440757928 9.113916266799253 0
2 55 1238.3132886435903 120.344727337354 96.38406503851161 -32.75187769806622 -21.361778317051538 -40.314848481718016 -13.666863116711 7.657592585063505 -18.734226638087986 0.8203874543672608 -16.838028106905316 -0.6476474815303309 -25.09139794525558 0
2 56 1234.0130253862262 42.19000191907524 95.89519859785823 -53.63707611263266 -13.412519306471243 -42.96519132807702 -21.349076138297427 -20.478818148506374 7.749701965783761 -0.3363746998763325 14.970670765319772 -1.3240257977863028 -5.9315488672711325 0
2 57 1098.9368695716653 158.56952097952112 130.1585648682711 -4.220363809872372 -34.38728244324212 -15.338356658104953 -53.49314089677011 -12.868216986383606 -1.066092702579229 -21.46760208536945 26.761263599075335 -4.098262797862038 6.673165542253728 0
2 58 1076.5797944835174 127.4713807488295 158.85985723405 -64.09128325123592 -21.419583115402702 -11.939647398924796 -47.32513018691016 22.854738956063827 -22.740962705539427 -11.66547373320628 4.398994869504309 -6.562513737540051 0.6696437572435753 0
2 59 1201.3449926935862 81.8891492289273 128.73480473758872 -38.665102736478495 -47.59594235017232 -18.11175826057657 -26.385350474962618 -0.6996729673116247 -3.928164301078112 -13.639609793839844 -1.4781452821900403 11.1909078994323 -6.614814917301115 0
2 60 1116.5564814316958 80.44859161722478 166.50838762886346 -28.774216206776423 -39.87686298415465 -15.015226109645154 -22.2732759364035 1.1695438123949686 -10.311377762084724 -23.543013747246725 7.543851450412267 -11.208556098525383 6.909034441718749 0
2 61 1132.5139908205856 133.17717008957572 109.30816175333577 -39.32672660624875 -44.863585697260056 -47.037693547227555 -19.937886910950557 -20.866752689645395 -16.944933168245225 -20.795747267903185 -28.571983916487184 -5.589402880088 -9.05709310143546 0
2 62 1014.4453586941371 225.42773381193052 136.5748865881075 -107.51647562548956 3.982897206604442 -79.6615938581931 2.96106738323864 -27.04106842335797 17.902674882203506 11.695466121331282 -20.93162017485761 -10.543353092442812 -23.01493716052785 0
2 63 1170.510866242515 121.14166934696611 47.69686024584815 37.78556918088541 -18.187982639506075 -14.295390340726607 -40.25722742036114 -0.5846405866968488 -1.3166237226689839 5.878568571831011 -17.414378210093847 -5.933006500795415 -17.670295186110465 0
2 64 1209.5052717226804 137.92865035168782 84.65549245099268 -24.63021885265196 -43.3943359817041 -5.376889617275241 -51.179740148359826 26.83575056179931 -21.976480527402995 -2.2612405665591115 2.13396468743334 -23.676259557490408 -9.295043648168933 0
2 65 1039.0731742257108 158.97908021009658 123.9783897670483 -37.28313032206383 -42.69152460750054 -19.565127282653005 -53.79843280513883 -5.163691340764207 -6.284789969265497 14.643157162084242 12.709494790993682 -5.299636685516856 -4.528396058300638 0
2 66 1154.85912579478 60.36000750471368 68.36684811693984 -27.730897608322184 -43.77545841653742 -42.14786463928612 -35.93344629982418 -13.659744993302594 -21.185880405616842 -13.668668294040993 -47.40778871311828 -6.120406653202385 -1.9640036041159528 0
3 11 1138.414521657006 199.05995452188142 1.7909029614472443 -40.17026762666118 -45.65650882804406 -19.969195604618076 -12.67833924523508 -19.96738012233876 -4.689606916288981 -9.158575007547881 -7.049389087829947 -13.501559952532876 -33.41155223476804 0
3 12 1017.0809293039022 261.2735732944554 20.097648465477057 -120.14209867634413 -17.62390308882864 -45.02033206693156 14.1456561065204 -11.522286142018734 -15.454821650089633 -27.31083885244238 -11.993361572386322 -8.043547743205375 -10.316472196403621 0
3 13 975.2009020066038 287.15660110529376 12.65161955419183 -64.23955684800058 -44.826149767792174 -38.915206946137225 -11.376123798679918 5.6991581478589275 -18.97509194425366 -16.109178099211682 -14.0266845273403 -14.263944581142024 -14.703765129903667 0
3 14 994.748149960115 268.2509430778046 -8.681107661267348 -116.87301126288573 -48.296184740274526 -44.02368278981846 -1.5398643152836544 -16.76550000197984 -29.980777036914844 -27.747834468774123 -17.267039627443296 -14.161848523753385 -21.246592424247424 0
3 15 941.6609211423938 239.22728358633285 34.55429018256238 -22.483081909335493 -5.126450337287181 -5.835427291893424 12.798387085318746 -12.000784184096299 -8.02500440043931 -4.748526975570436 16.879290215630316 -0.4281950820360504 4.684053194668107 0
3 16 1121.00763499903 221.3778203484257 31.410557551321315 -43.0284380918661 -38.93662556033246 31.471516852994608 -13.348050899806944 -5.077319784265491 -12.044651166524142 2.365468601742585 -16.448937746375428 -17.961976027872506 1.9356845444784687 0
3 17 1180.603043241129 208.04222187037132 -13.765058866634387 -37.749220898647614 -22.943220872249082 -2.1110603344886085 -24.820991716773285 -21.379466114004572 -12.39795440820335 3.006130375525941 -18.798847214440155 -10.432756071767711 -16.563860016913306 0
3 18 1138.188571182232 202.82339496756538 41.2969103665689 -70.18472193013628 -47.61910460728671 17.342597013533865 -3.033346183946181 2.978359731746305 -26.547731349928384 8.517703260652034 30.896512794090714 18.391633805076722 -7.306983719588545 0
3 19 1049.9165167826475 271.49892497881086 41.28878934044063 -51.77492321872171 4.31427113818216 -4.4256372161501565 -15.981743144955704 6.497081974625961 -5.269134161403021 -12.137924746228453 -30.031885922738255 -16.270044416763717 -13.925620504429057 0
3 21 1104.8345261996699 199.59670131206295 46.54826280351706 -91.0301433629882 -32.75929929510095 13.418911219759476 -22.869781401430913 18.495060065802278 -23.853301205532897 4.762882624540159 -12.488181550677115 2.1869915064654553 -7.7191669364029165 0
3 24 748.1004135870397 299.37273919312685 53.722358976577084 -12.699366098883427 -1.2758408807972839 -17.650589703459485 10.380165323679686 -3.914824552477225 13.281960600572933 11.411019047663036 -24.248979085017073 -8.240946937813865 -5.812130107673311 0
3 25 1035.4117602783447 285.8795462609815 -27.220025031788918 -60.29035010802958 -0.07851494521973147 -23.292901377164977 -17.536473679487464 -17.61803978201126 2.45130222404101 -1.8820877459810599 2.4160318443151416 -7.856439930957086 -14.711282680944434 0
3 26 1045.5175232141482 288.357538911619 -48.336292628998216 -95.26201435940848 -18.029902011654144 2.5577111243490127 -1.3231706464779345 -37.7671098262297 -38.21686370104937 -6.481064077600572 8.229157416717332 -9.37224453943486 -7.34899258557101 0
3 27 1173.5321881393008 201.8223404478489 41.4838602435557 -77.34744208732597 -15.24824018180453 7.9425312156719015 -47.582662903683996 -6.219087031975968 -14.474367570553003 -3.7846663729803978 18.10176577088594 -13.61951221144274 12.259719583069876 0
3 29 998.2329820999483 311.8455416803141 -42.22280933004103 -22.638157652448335 -33.77913899041876 -22.13984065897837 0.9506362382115137 -7.961370194175532 -13.321577743600084 -12.387469001689713 -2.8528865429244914 5.732804309468465 12.828689729890202 0
3 30 1080.8004011685043 227.7076829805901 33.45389845914797 -12.30250833372939 -35.40821388237246 -41.05093876421977 -11.97475372453617 -11.044688456678468 -9.421699365010639 2.5165490616128983 -4.105079737914485 -27.289803172302143 -17.716601890134047 0
3 31 1063.1623498638794 281.52155732416406 -33.687492627360015 -74.43662743258918 -9.514633543129094 -15.538459807266172 -38.94873036723092 -3.848862907963038 -23.733679672529146 11.31640763262143 -3.4468606891552422 -17.350163951297226 -20.885981046578493 0
3 34 1104.2678327453204 208.33522918443683 12.69153093330636 -125.76279356351567 -14.164799483281994 -28.89996622924697 -23.261039882098544 -10.633366812810895 -26.79396450491439 -22.40650974125133 -12.778029326600153 -9.762317227719915 -19.29986678160882 0
3 37 1044.6315646896492 246.41372254066448 33.62592607801939 -58.19565765710416 -38.713675516111834 4.377632709561837 -18.867273311707073 -5.701724737386122 -18.71729630888485 1.8538450947088414 -12.405544317490996 -5.154902272215459 -9.99681169679207 0
3 38 1108.413528555187 194.11073314705314 -5.965240630601142 -107.86937121398716 -40.764410238858524 0.8592962686727469 -21.888059783588055 -41.297115098875715 -5.111636317136103 18.48296560747148 8.480743515217904 -3.8185063187052553 6.080853979415253 0
3 39 1129.7199264924427 194.5505282084415 24.092144910199295 -120.46257522165104 7.917324866134148 -29.221789589464347 -44.28397735572061 -16.113447588057348 3.4660030132970774 26.146031729618805 4.433036293556735 -12.225307912662512 -5.644603127971247 0
3 40 913.5892845193303 318.8705722074467 -16.542730337012788 -71.89208382311611 -22.54788594877049 -7.143104082256064 -0.0345102917501538 -9.428011318483854 -13.498190193723486 -14.741608388936953 15.623190098207196 -7.277563351502643 -1.9695334447823618 0
3 41 1112.7148521658985 223.38776543443802 -13.415260156834053 -73.46692541863621 -6.437040021068617 -17.982242889854717 -44.112915739678385 -31.298327727615398 6.464246199702748 34.12534853898294 -13.86001168235258 0.9478368210040852 3.1197846654372254 0
3 42 1057.6007762143092 190.0441528028729 50.12821544031567 -32.34725166089363 -55.71049954584353 11.76409947571649 -4.1486928736629105 -1.3798765960092485 0.3704703809350975 10.895704059425043 34.888008780390976 -3.8334796308580965 -15.037042777200178 0
3 43 1105.2025139445702 211.90008035979514 -7.546829780696719 -88.1465638267861 -11.314940314569377 -34.93890122610459 -32.193613720655996 -8.591526339755264 -14.475652278976353 9.887246056618391 -2.9588641993116305 -1.463834689036904 -17.143874892508762 0
3 44 1012.7805106387489 256.214505330682 -0.11262100285998301 -89.71729591443807 -44.202718025086746 -32.11264414093433 -21.313420056256383 0.5267919674613222 6.263629543196139 -5.376285571831961 -8.317489747376756 -11.164750971318655 -22.708183132710346 0
3 45 948.6329829872408 297.6709557054523 29.966413674697545 -69.39740529480619 -46.75432812134459 -20.26831210730003 -6.894200863456989 -1.6040447286851607 -21.719883780348628 1.2688379554096165 6.553855765419405 8.81459286334385 14.165517639155183 0
3 46 1047.8216158488638 259.24771082651597 47.87918729012088 -64.4601782613543 -23.39720539268279 19.11223888676116 -13.284677040192578 -11.18413190260858 -15.7522187823996 -2.20581778145619 -8.087038704892064 -5.296240082703883 7.970245136574891 0
3 47 1162.549180926157 193.2569595964687 31.83089271639572 -52.2297774547763 -40.49652932506379 -9.676513053799626 -24.103149966825274 -19.304988284667704 9.595910085100828 12.426035124386834 -16.44338876944517 -20.774248265151616 -5.3567036422961305 0
3 48 1061.1157228868292 217.55857422555803 4.007802198975493 -101.92368339544703 -14.854720584218573 -50.27353524332417 -26.687774771635265 11.1057062188832 -30.29377093047702 2.7593959695349946 -37.166083590416775 -12.725110313466228 -19.308196584644563 0
3 49 1093.3014812331744 202.22976445797477 20.19353243236559 -67.98463897244827 -69.83512287060573 -21.90570349841878 -15.886437657665125 -19.84942765145635 3.169070124371525 16.160866072760818 18.681680206933525 -10.201749438737815 -18.718864405392914 0
3 50 1049.3406532306246 234.88826968875847 -27.133054660175045 -99.05327978470638 -32.50594610786958 -39.03555294937355 -21.73317511929944 -18.832655936098913 -5.6989194752855115 33.46830066295253 -10.697100558260146 -31.89830577943131 -14.325214973492933 0
3 51 1118.2668521846813 234.54145264637393 54.453209241995175 -24.374714372885226 -30.94445396530241 0.3053895259945331 -17.814211589203158 -16.404540214478335 -7.417683844767059 8.548740550048645 -9.409299954645194 2.4643069746101958 -0.5514602759532784 0
3 52 1160.7069162283444 194.42648980687105 40.21054374363744 -109.49690743466243 4.191855417727072 -8.448884037481928 -62.08137368975747 -10.770499684819596 4.297758533805037 39.18034439208157 -1.2132603475117183 -15.38723637945481 -9.931389772739838 0
3 53 975.2104526116239 241.05618918069334 35.26646052699981 -64.94809900961673 -25.952142241505875 2.5032708955158505 -25.323310455900717 -18.384372297789707 -30.454403235863115 21.745835355702592 18.36771057418497 6.4102720134657964 -1.1701871526517464 0
3 54 1003.6932116294802 298.30317912871 -9.267218331687605 -84.17786401119588 -23.66593518956892 -10.903483412182458 -5.799311807290686 -8.59447767826323 -19.534816301083026 -3.530203633641519 -6.780087725772382 25.19802393210707 -12.820537803867303 0
3 55 997.2093944479777 212.43334012311894 37.41573316930671 -61.15290668442708 -53.74366672840025 -26.539831478432134 -13.20719967440349 0.6320941187495337 -10.952627848136798 1.0008609628660046 -7.963618569088082 -14.705020736416868 -6.567254617248785 0
3 56 1061.7883612432875 177.40800505035244 31.378458748973138 -64.88923034740829 -46.81047520064001 -29.785251112432867 -7.10158122089266 -12.844715583527913 -30.6717028755252 -0.47916199894314754 18.298579804683246 14.603519570534267 1.6467358353714414 0
3 57 1009.838496842397 255.17505419350604 -35.84153227662375 -41.42281795383384 -19.276018680646395 -46.06016701666394 -2.1701498763483715 -28.626494434511283 -17.43592791142702 -20.323665795656623 16.56404756855786 20.067181814848947 14.907248126033414 0
3 58 1009.7167281651772 243.963158948584 70.12370699196386 -74.9893812557012 -20.214712061242032 -17.204615684783917 -18.02565998089473 -34.64440600564316 -19.57256414728086 2.1686476074163465 -0.8581310875862644 12.590601356946683 10.313259460567826 0
3 59 1158.1740125305141 175.85881377496224 47.786454757149706 -101.1734999815301 -0.9831234479054087 2.462995145558346 -8.60693807912733 -9.522551386284604 -24.11032563888843 17.095891219962436 -2.0624166173282745 1.8403814326862418 -19.115472684521624 0
3 60 977.5084239910146 220.04017450803443 62.69596870809352 -61.101764970991226 -24.05684043980197 -18.036868544690915 3.0213974167142315 -5.966594244166292 -9.360143235966124 -12.717856144441031 19.490501441257564 -13.872021477672764 -3.7886630270547452 0
3 61 1052.7957972120169 218.45710833096499 -3.355182500633764 -54.577425072375995 -44.76974200272027 -44.03249096349928 -27.80746307808853 -15.35862862724543 -5.955753506074053 -8.913674846248393 -26.102165630305205 -36.89142335807285 -11.43081336321014 0
3 62 949.2725169691954 295.89732089304846 22.323830548958217 -79.47036157556646 -52.81067335887166 -40.40293638423963 -6.390788152190198 -1.9176790239847523 -8.449004796083488 -1.924885270856538 -18.368379081102024 -18.422172714063812 -16.299439574228458 0
3 63 1147.019748336062 183.7789211881412 18.964234053621418 -6.186662859159868 -38.049552982411114 -22.07314404141741 -12.299996450290884 -13.746255157997098 -9.132637042204145 2.7725646770289787 2.613623853269962 -3.5770739763717816 -1.8427590423857492 0
3 64 1120.7829820755042 242.05898937801965 -10.034450534823529 -55.762622771636735 -20.68444531903473 8.600595491370509 -8.982859521835909 -33.306132105771475 -11.242184307623214 2.839367850065515 5.801264743221147 -17.28616401893139 -16.552922958200995 0
3 65 1092.2321183756187 171.72470198394714 40.598537460409595 -97.02340182301258 -24.08794727567455 -19.924703613005917 -17.54898310032172 -16.651096248556474 -21.912181694699665 4.963286137396132 19.45477919557733 -4.371039138785167 12.654591931262805 0
3 66 1221.3788108308083 96.14796770749761 35.558562005577734 -59.36570828755249 -68.26746192318569 -14.608753922285924 -10.379245756866727 -27.822957091872485 1.1110282201121997 0.16401637241200984 -28.734404135118407 -3.181917660703151 -22.477665178818434 0
4 11 1204.6803291359352 63.7972448811763 106.57046507304227 -47.63396876822307 -60.866288755093315 -37.706642740139294 -48.797673957963674 30.24369196665952 -1.0282241093262385 -1.8481410736357324 -13.386978690381007 6.870716534877819 -7.138688806823497 0
4 12 1196.4741330201646 133.64163206846854 72.37191384378873 -51.95338088857858 -40.52541262538019 -25.727401808540378 -34.76562797263597 0.26817174115323367 -24.51750867780484 -19.480182891003707 -36.18992943137158 5.461594231853571 -5.466354903172038 0
4 13 1209.35533871879 136.0364874718512 52.48782243005545 -45.38883245922851 -66.63606931080382 16.533008997107114 -15.259564651919263 -6.309613620727775 -16.229092734935563 -16.168426267899246 -11.08562087616781 -15.126822657798247 -2.5895577157204768 0
4 14 1200.4388970555635 110.33896991733704 50.20169199784838 -99.27174522524842 -57.24363719395878 -50.783293446360396 -20.82430920837347 10.098921368776642 -37.718063725191016 -12.390141412009912 -41.56327323101596 -12.039160804038293 -13.19579177331279 0
4 15 1137.4799469315012 162.45586851238392 92.45239324663416 -14.976270537551526 -71.6223442532574 -4.468355144712591 -7.162861377946089 -6.140881635056572 11.204393966076175 9.57932291068468 3.9835655086210244 -2.8971034656544634 -11.441277515038868 0
4 16 1193.9258944094604 131.33884064629856 72.43454024371374 -46.018224916952704 -50.18971717802319 2.9243882898031184 -19.26291256860156 31.432350164516812 -17.656604151573756 -7.3447569333329445 -24.03673672835014 -1.1503743428581494 -4.938734297668866 0
4 17 1325.4015636139256 82.95149853934814 6.770382921520466 -46.75645469881783 -49.878608130539625 19.803260423322705 -9.011084215654773 9.30494152519107 -35.68119298979452 -24.24498272714527 -12.467203507037878 -12.456293725367903 -1.1230108960070728 0
4 18 1265.8946912915233 63.574237787460554 81.98213081934797 -3.216431283168172 -74.25967977778745 4.102496322738006 0.5291311791806284 13.616252329506846 9.334593561726699 7.973024489198934 -2.9587193909255096 6.968901365680448 3.8213459959545233 0
4 19 1122.5328691215577 168.9736243561792 89.2270250464492 -23.4079595489404 -36.68524244815292 7.221769815023412 -33.347023099141225 15.67270181870273 -8.024125716347383 -4.117076564801396 -22.12197953806378 -11.341621788224057 -7.360750121730752 0
4 21 1313.9605870570294 104.3288683853016 16.858433163569206 -8.098343594180575 -56.29062264715987 -10.590877718537921 0.6005051152886792 8.819444264402184 -10.49262011285913 -3.7199242168212026 -4.105405017681565 -8.340864069766672 -5.519023423548438 0
4 24 1115.996735996667 186.459101266049 103.98877921661705 -72.23120077997135 -23.627480519661276 -10.08106583625367 -15.937950067458388 25.97470628964689 -11.777434151425064 -8.09649936909147 -16.127220529116137 -23.13926696808175 -1.4658342226785703 0
4 25 1278.6851129926436 85.9754164343011 59.43914749533718 -76.15595905898147 -29.88845407749329 -39.89317566976335 -20.87246859556345 -3.575587027403242 5.891585879858924 -0.2236225340241092 -20.16516024847245 2.393061082236951 -5.069145357423689 0
4 26 1277.0601941817497 114.35741001717501 1.734606625375348 -49.193561505863606 -68.03165353802821 -2.3260372270535896 -30.84227901453372 -10.845293941644343 -11.686300846823094 -13.922649723135457 -21.443961515913355 -9.496375134480083 -16.947271813438263 0
4 27 1248.26812375283 109.64843054797963 44.40224548042942 17.90268039518677 -76.76259131937165 16.147079952603857 -7.88684124651875 -7.401021549350973 17.346499343565267 -7.911893234735272 5.932797215895679 -11.983196462411236 3.351286210897035 0
4 29 1260.4283476743415 92.624298514615 86.57247328274494 -69.5897991613929 -51.70083526180148 -12.174955245643224 -48.46700788809094 27.522160861065906 -9.986493937059827 -12.658708625739278 1.1694163250641079 4.332588525174401 -0.7737019637530361 0
4 30 1244.2451769213258 90.50232468291813 115.92111400343481 -61.46142143968663 -59.2188765166045 -16.65331047122813 -27.935576006730166 27.272825687709734 -17.45898556151837 -21.54074860521436 -25.942135470772516 4.983742262029374 -7.635644477131356 0
4 31 1231.1608845940916 151.06107625811197 50.760761003573144 -40.81903974544526 -28.98759206844581 -11.056721474998561 7.336141429713964 -18.87720466449065 -10.053588167629362 -16.802541075348508 -19.930507947542257 -18.891449888371803 10.51569668095976 0
4 34 1324.2556349781642 22.294244308155488 51.18749819840017 -78.70820286987916 -65.02129137901555 18.04201826822896 -41.244372745696744 3.9524889375805117 -21.958201592520844 -12.099079615991002 -26.32296395910594 3.100547548915448 -26.769733267814082 0
4 37 1262.0261523604918 101.942000149014 61.78692344125402 -12.04590406204113 -78.49151178931608 4.501345084048618 -51.574463728395195 24.70306079932286 0.14505834422581398 -10.108417497744908 -10.478218370731035 -5.415494309798621 -3.1306549228538683 0
4 38 1266.2451355196315 62.75681007319248 -5.040481430009279 -34.059620758862714 -87.05664459452113 51.956683566866445 -24.973032206590695 10.1818468240052 -1.4689335865463145 -5.176798949278795 -3.5787976994043076 -8.130536907917213 8.567350053578425 0
4 39 1157.7849125266562 86.64131081126625 53.307824272464956 -26.831600182822555 -76.19464909796832 0.485906014612844 -18.40712084185453 6.342640469468441 30.06470156199972 -15.768007049298147 -13.05470946393216 -4.492386751012963 -6.391526249562824 0
4 40 1133.1319761761915 116.27493446660752 77.70125020880631 -50.60096550994952 -61.683962242983746 -8.266575255035628 -16.991163620521103 12.150260043308565 2.6577669453630155 -4.509306302447348 5.018444922075725 -21.449916144880977 2.973728450214851 0
4 41 1220.4739990235616 116.75200166918302 77.17289582318568 -73.29387448905025 -36.27299747454012 -24.38172578111486 -18.871065289664628 20.92546075580925 -20.8201294133748 0.9461059131278987 -6.4140150735602965 -12.823231186621431 5.5698137423419185 0
4 42 1153.7311276161474 129.15296180798168 37.41712180356291 15.27840380817791 -65.7292363319242 0.6681664502317353 13.85768468292261 17.42733212230792 31.895945259857168 -2.9629961078930913 -5.135762574963494 -4.576537738777059 5.863261894359412 0
4 43 1220.6593124149033 58.876417877593695 103.68054466991191 -126.55800927346796 -34.43324639075441 -31.439502572846965 -23.66707840138702 12.423942642400924 -18.138653985362897 0.27231511828446836 -10.883414708885653 8.596004122838716 -0.21680891828511786 0
4 44 1278.5560523585095 26.628890129091527 75.798930405661 -60.11449479608934 -76.02299866683062 3.4008710356541427 -12.391102134407195 26.960878292239084 -18.028747056653074 -17.662459173293495 -8.138370072809959 -0.038902001710490255 -4.050846929722665 0
4 45 1174.7055561881173 99.0291855018897 76.3430314410009 -37.80166611550065 -89.63339164706976 18.16670822829454 -21.937557727139662 23.16797093946987 11.527513514849733 -7.407391314232414 -13.014007352193964 -8.965391213710806 -1.3207711696388915 0
4 46 1196.4508329861335 125.25242818526206 82.7561359547439 -24.4352005213331 -44.194776411171325 12.224022808567945 -10.518875491136104 16.422800614394006 9.66492811840783 -15.860753277010215 -0.8393491195154079 -10.783974418107325 -3.1899418593426425 0
4 47 1350.672009696416 42.17046774017823 42.985634894139324 -23.18627991035045 -64.84635268276738 4.710727745488131 -8.442601849533798 9.627917031205937 -29.419840844459046 -8.460792551264648 -22.56879033278072 -12.746011467963507 -3.3522265601785715 0
4 48 1245.191145493201 78.68291817961982 96.0357681994312 -67.47207356939526 -40.437807028400364 -16.382485818496153 -28.50978114233569 2.4168959303861453 -19.086779931166568 3.203502664918781 -15.642023100196736 -11.805193332122592 -25.253086442713343 0
4 49 1279.211329483988 42.9050289053326 59.35171227854319 -102.51646585150044 -50.27820031420705 -7.90792951144806 -14.962307861392128 -0.9828279598260959 -16.214103859395248 5.8027731107801115 -15.23398181894707 0.8128953995510219 -5.625034733202082 0
4 50 1277.3116019589618 -2.7147001722023787 32.67568265646217 -64.10181797296731 -57.43416977705171 -13.307769528646617 -35.880111800288404 11.326137812086674 -23.130565247865935 -5.859792245836228 -22.100505927191268 -11.166383670774305 -24.010778173371605 0
4 51 1161.3891875583347 155.1891515058464 91.41488692050037 -25.425475262607204 -59.90905463721637 -21.803834363103388 -8.10359010204122 9.769417057166747 15.585130059006852 -9.692987256034899 -0.32377681290634186 -11.626753904197745 3.040339212377525 0
4 52 1273.0734418422394 50.750043261953486 69.12769681846784 -20.169001570493236 -79.9641561834143 -14.898157504578618 -6.819354039060661 4.070554683453785 10.282162613615553 -1.593473888092626 -10.789269140497385 1.9390855736900927 -9.61991075459031 0
4 53 1214.6847093359804 113.81625859825398 62.26438336734373 -17.039396721785174 -85.43539651278228 10.999689266036638 -30.323648531832628 2.153424904425083 16.506030092306013 -2.96310973757943 -6.553996373894917 -7.511486922174279 -13.753854936215514 0
4 54 1167.6492985089674 94.80548269038859 122.22496259843125 -34.783462787742344 -64.12993271761711 -0.8994756019912176 -32.482608878008776 25.020937873260802 -6.611959950654462 11.12936133291237 -19.842307076511023 -4.731457039683145 -4.181592139725974 0
4 55 1282.2401645974346 81.25647831615794 50.88776679311083 -54.32773686057167 -43.45797745129066 -37.026896576479274 -27.628647263336703 11.1016735968985 -9.665589815073155 13.690411241764295 -12.998136839371892 -14.800832753872642 -12.638158035653156 0
4 56 1246.4794142023416 39.44929090866184 58.574445030037715 -24.412998592399802 -83.24123835659292 -22.59222287097277 -39.28755802540381 -1.1449471701886296 4.161732130406534 -11.919085597897581 3.201451706798471 -8.622940307903113 6.128024654684995 0
4 57 1138.9050574029902 133.5871534213316 85.68672671155274 5.750937785195691 -84.69175566903742 -28.01723620641072 -4.094149838701725 -7.686946343013571 13.554026447968537 -0.9390904130338476 8.576366449700728 -15.016212239066487 -6.021304020131663 0
4 58 1218.4439499251441 76.8431130825077 114.69425701398414 -41.44442299170555 -76.63242513317641 1.759465909412934 -51.023159204356766 0.027152380765707605 20.213894591117082 -7.725702075821877 10.21931009518581 -19.232048566969542 1.159855324162571 0
4 59 1150.7007561385471 86.9372382044796 100.35171637695339 -81.42676686209327 -43.0528683739877 16.38964585599596 -17.0898404290498 24.990903656065747 -3.912238710730816 -15.594477122074727 -16.23344802467927 -8.237167553428295 -3.0376723072464533 0
4 60 1263.4353890989864 66.09718023436015 52.15957306811479 -16.45320044821409 -84.74666930840725 7.572319896607844 5.868081500040373 6.568283272872843 16.750161462496408 -23.646047175417404 -4.604638719996682 -3.924329244197384 7.752927022753511 0
4 61 1260.2233433125302 99.36059046947031 63.966874719772754 -28.633795214736107 -43.76636867078163 -17.210100876386182 -43.770868895226535 -1.9952493418145107 -36.44014753317288 4.4583843972808 -18.702027350855086 -21.19972650468408 -20.326892906362307 0
4 62 1082.7322330086838 206.9446174491297 86.07922951782608 -113.82011659488529 -22.09767206922074 -10.922180253103756 -40.41877845289624 11.927000179227884 -19.815310840702903 14.727237043632828 -14.383145037153707 -16.134515664529573 -2.234702506960126 0
4 63 1240.052502290923 108.13501011958475 55.37816747079244 49.0992423999308 -81.14533276616533 -11.442591897048743 -23.18127532352244 -1.0486040638152172 13.792483958536922 -2.3527012966213228 -10.036165201557925 -7.538746144853093 -4.7130092112113555 0
4 64 1310.8948728012692 73.80009142475748 7.505397186915571 -60.456631751567485 -64.52896100484533 28.689624237108795 -22.929440586432325 21.135386819639955 -25.30863459069969 -12.298282960033237 -25.839834311639184 -4.323142159708532 -10.910778566945794 0
4 65 1300.3740341717228 27.403354367793668 35.257089997017104 -18.054991417298243 -96.35791710493353 18.28447643038169 -8.887098551497552 2.6482366570616045 3.9899111256046265 2.077788023298377 -10.013459451319351 -14.614488397932078 6.28520561012445 0
4 66 1234.3706245870235 17.667737814260835 61.070261189365304 -70.96653270630051 -74.4398835823429 33.364257564557306 -29.10813561808899 6.209544093347416 -35.70461188894586 1.5598803390616522 -9.231571019833275 -24.92262719860779 -13.781934896268938 0
5 11 1110.9388762909823 207.75196065480682 -11.65522239049443 -49.14112878292113 -54.45289325300104 -15.016159146827427 -9.810478317491354 -32.21417549492552 -12.047122915341445 32.52578254643055 -3.667048460377465 -8.146038934862498 -18.522950675522083 0
5 12 977.2400027364278 268.58999906280525 -4.527291738134378 -113.2461894428618 -11.12494176903806 -22.021192501511706 -14.84601706108757 -29.522157814613077 -2.332878900842577 8.400717432809161 -28.65113864744791 -17.243914928754602 -21.686191181860135 0
5 13 1062.3878065412503 259.83874326594525 -25.77594257545113 -67.57675293778486 -27.53977423961143 -6.485753769208389 -17.509999407171833 -28.15079874660168 6.902243481845053 9.642054321341906 3.982227589718333 0.11995941806249993 -16.308893915401818 0
5 14 1129.9234089296626 212.03349256926145 -112.16201351796992 -108.0086206491565 -4.157391642107644 -40.71697849019951 -28.800428877090912 -39.83321982384784 -0.20596158046293672 -33.58464469848472 -27.101413531953437 -18.137246787097787 -9.527338507333889 0
5 15 1170.8006771662206 207.57517348829876 32.853903881038576 -118.49553431756469 -15.383129174366442 23.538049344941044 -9.172933625861313 -31.73444786969386 17.213809215405767 -6.193171322419405 34.537401539825396 -12.161547636327501 -10.719420735836678 0
5 16 1083.6375396417332 239.9084735244341 10.162435826553683 -70.26703306508125 -48.509056678114945 27.456185011320255 8.552426135780717 -11.889990820160339 -34.36651068226173 2.258030389734622 -3.1892013323510113 -20.32146531027353 -2.606022002468645 0
5 17 1167.3106351745244 183.84031200323798 -66.06614713112859 -70.3552616507632 -2.3949680122326686 10.7659103932944 -13.546494411422442 4.024078159970425 -18.930266401054276 -21.04055770996843 -15.925956011467315 -21.00979046225704 1.7128139248186123 0
5 18 1158.052050156881 176.93772490577575 22.618278332355978 -83.56249988800506 -7.870928012026822 17.83434067655502 -22.592140014806866 8.755488119763728 11.297120686870004 13.907306182328146 2.1422881075881612 -27.058289629553766 -9.11432927650617 0
5 19 1082.6382836353052 244.72055838912382 14.005770735792817 -44.81512180588836 36.77848443912952 -7.108194311792133 -16.622805956709065 -17.12603400646466 12.94026329815561 -16.99487790813471 -24.898112326339668 -16.136248918198987 -9.117737274880419 0
5 21 1073.5925484285513 159.9034438151525 32.52289665116017 -125.13867109550775 -4.833708016427201 3.2357626978227088 0.597111877599352 7.4561408355258205 -20.36660572535657 16.789229589254937 -21.21022385894119 7.951901957961576 -12.806558447233014 0
5 24 987.6014869302268 287.356154971502 51.885285217158405 -95.16562775875113 22.074574405966164 -11.040377169232716 -9.903665364199942 -7.428141123632409 -11.856131179135911 16.341879758833088 -23.677442742533817 11.963373285993514 -31.04657647117134 0
5 25 1124.3390641872697 245.07902789156185 -42.40141909010697 -88.92954760629331 1.4947042830932644 -8.266047411191378 -2.261751185773995 -2.262361774337121 0.6444009116617783 -16.60721653967018 -31.370211408518674 -3.698076838239946 -12.120563000935725 0
5 26 964.693112864747 311.9433755173982 -103.93610484747352 -99.60482700529889 4.188116405996093 -25.944981275645638 -35.71001533323557 -9.066282578304493 2.203872320701946 -1.959595895683944 -21.460640812412084 -24.632480853068373 -13.308740885340514 0
5 27 1117.2870819008106 234.06999280561126 21.270014251142587 -97.93168887093869 -6.899330352447181 -4.2438206847571305 -16.794858877157154 -5.997410100838079 -5.717545993735265 23.60874067127323 2.5174912701218584 -30.24040051598715 -0.9282845144382512 0
5 29 1012.189137198432 294.0834505466411 -3.462549909700682 -98.24501634630674 -33.84810309074992 -10.477951527136767 5.595673500642394 0.183474449029819 -28.28353775380883 18.25534684884186 -24.001575409328932 17.264463105484733 2.614724448759655 0
5 30 1198.4523463437654 174.6141337395572 -0.5666459270804587 -63.80580812099875 -0.6190385091684336 -13.602158041828767 -38.60897895512155 -9.979826177441359 4.030103337920244 3.6515111407296423 -19.861158146610695 -15.432275729263038 -14.380655100952287 0
5 31 1086.03334205715 258.5917352989988 -44.365488318769295 -82.64082468093847 0.5724431674409582 -9.467857144846054 6.332210318915737 -30.082364906729666 -23.224288781860384 -6.385217851684181 -8.053469680072338 -11.49014918749842 -10.550039716528595 0
5 34 1172.2982615216135 158.59166503472943 -1.0196916511380243 -127.2904830763124 -7.847883365723067 -3.340969813427703 -29.90587070262143 -20.51598363680529 -34.9641071933803 15.444230298222243 -30.61903400345066 -20.573224349784823 -4.790933744315648 0
5 37 1099.108142222767 234.1041821104536 -16.44203288305145 -94.5171175982614 14.583285468639337 -3.693439447903125 -11.057661700160207 -4.262737513544308 7.829305314448399 -2.5752746116999004 -12.012226566515729 -2.8241405378507753 -31.375967404294823 0
5 38 1077.4915998217878 211.79152820628283 -77.07635618522994 -150.078360367945 60.72655436796397 -5.008324727242241 -5.4767098548016495 -27.933438095555594 11.683259375143471 -20.205707393185204 5.465052287915942 -10.827995173045808 -5.722426852080341 0
5 39 1159.540566961269 175.1653691418918 -11.026346220685816 -105.53482146841878 9.365966381577852 -16.872609113389903 -20.102302768409043 -18.365182641041436 26.0931180310644 -4.547067341776699 -8.015667849356149 -15.813517459264993 14.38523291193105 0
5 40 1006.0284281694913 253.1298955074736 2.9326103411607076 -85.20592705843687 -14.641925973368789 14.220717681646665 -35.64149426519128 -11.356899292441586 -22.906881362256083 18.567095172016018 20.030467842869722 -26.68457433874051 -4.230801117897417 0
5 41 1224.0764776951735 183.4475502902439 -30.096204553854736 -83.66536413212451 19.71698134859333 -42.472024115113754 -35.79098991881214 14.457033829651767 11.028984076161361 19.737823824413113 -61.89029837009407 13.785471824292985 11.25353709858881 0
5 42 1100.365336777775 194.32969318166536 18.836376704090497 -56.702140270630885 -34.47813777224453 7.65534545986912 -5.065360773143714 -6.630140181859284 18.16235294153693 9.873818489387395 15.405942233163955 -11.961002246985595 -4.397989676652174 0
5 43 1072.9321941031665 208.11924560586402 -34.38152343436631 -123.77590729649229 -9.70566558285217 -38.682114994910876 -16.48688683453306 -25.172175945875647 -15.342051686238772 3.7926932339467685 -26.048826280494072 -8.772728045068597 -6.690739567697697 0
5 44 1143.169168295035 204.84314265428821 -54.590284241362625 -100.05532072511103 -19.483752732382936 -4.581477665095775 -16.00735937614084 -18.73476464625301 -19.80146710555152 9.285682444542758 8.804611524943352 -11.408805280011936 -8.892162653143625 0
5 45 1015.3358787076982 272.50763200624255 -24.920326527606363 -86.4375934722728 -25.683902235382114 6.31845879565084 -8.058505440768107 -2.6201321290416106 17.82684920873333 14.878367600411773 -11.53947697697127 -6.4003961179377145 -15.776245595244365 0
5 46 1018.4665365432983 238.79896915617124 42.39147461308392 -74.38757717081296 -14.445583012011717 3.5973527913195062 -6.372063244131117 -1.228499300818569 5.573820635773302 5.553959925188891 -0.3032844004705583 -10.476442252451278 -12.31609850927817 0
5 47 1169.614986575697 190.3219736247845 -15.818501219037108 -50.265648330380564 -14.568163610924934 -16.340519166420084 -1.3539169925497783 -21.624569729049067 3.2117236611566553 -25.66325210184921 -8.227419500539474 -9.582195616497298 3.8648818098800657 0
5 48 1236.5245174626066 160.5728081260778 -21.74681143626616 -105.24604997080014 5.950971355763373 -17.9520962218808 -24.059327332475952 -8.80962744083175 -22.053878985081237 5.937520776181732 -19.400981503005156 -4.483427175529166 -40.26977163942126 0
5 49 1043.3363730456656 253.07568643953334 -23.890608839883964 -120.92680138472464 -32.24941999459476 9.34682098910656 14.230246601337335 -30.389621920176655 -6.3315818366125605 -7.108763442098776 -3.0302947980457375 -6.638604719420475 -10.981459331324887 0
5 50 1162.7326400316674 129.51887269174165 -33.32038964420395 -138.41043178134404 10.19142065046626 -31.8448478171249 -25.338719518881298 -31.06609552339765 14.725348208728661 12.530322768782215 -22.382705682770307 -16.516759430074966 -33.31020282234824 0
5 51 1057.261247422957 257.56470511754196 14.85285464574428 -76.59115496879564 -21.87306274912437 19.874048081978653 -23.603190640504444 2.9911935832465564 -12.209895935782615 7.064276456067098 -0.2943945682444433 -21.077009338736534 0.8357193978655539 0
5 52 1243.062743198532 132.2544412928313 -1.0303507151412865 -127.21509911599313 44.79305966007654 -16.57069418168764 -24.708029974877768 9.873451626113864 -1.8019420750559683 0.05040378436779405 -20.06873116523567 -7.497590567218972 8.586491851411171 0
5 53 1019.4467524146689 224.34761010397077 -18.26829208124611 -103.30478021894834 9.278890371585728 -13.031847262092947 -9.131051578872306 -16.00507700657971 -1.4184743138151044 5.684628304426136 3.0205998153086675 -12.322166325946833 -6.777711453748853 0
5 54 1082.546594005091 236.5436537080571 -18.193896079552655 -73.34461605513889 -25.581335483635062 10.350509454871222 -19.526267102322024 9.473599733644724 -0.33362619224684065 3.8288648694667162 -15.589477254118137 -31.881832431941234 3.66712509761245 0
5 55 1122.5427585139655 192.0114757395176 14.287804999002388 -72.26749699915273 -29.781999427292106 8.43165297587424 -15.398647143486507 -23.689335379816555 -6.0172902072239145 2.919309421427696 -13.664359483454595 -24.332274319296822 2.9430358033588937 0
5 56 1215.6948659074483 106.76126213187456 10.32006231903527 -103.48077890476439 -41.51038119583025 -34.035227295097236 6.983222696858941 11.401086588894401 -2.6631429911576574 16.81826707928605 -14.243093985776238 -1.0673814116704479 -8.162629007037037 0
5 57 1024.438497312866 246.42634954482588 60.48409841766465 -98.7232885741907 -37.07992544979058 -28.225655664113656 -5.603544548048059 7.4093073371087925 -6.049930156665257 14.749533821642379 3.314994685259369 -8.926828005877455 -8.88791424343395 0
5 58 1098.4646367083974 210.34083006353598 38.43929885589205 -129.26114963213672 2.3267460738521377 7.3125718005419955 -51.91994027615965 -4.387234815317312 -16.215041444570947 46.02854711315535 -1.5243616956703896 -16.099362143192526 -9.325235968399593 0
5 59 1094.5331114975766 200.70879938660295 33.68772313942028 -132.4056966133021 -18.307813797829862 21.995933366951178 2.888789781168836 -2.651794580806548 -7.454353673591041 -3.7372123554175247 11.713968044076092 -18.62093838944895 -4.937713174786081 0
5 60 1174.0839160373173 159.2767817463129 25.890088382711394 -111.60869760137011 24.42604815855145 7.878639342952909 -13.27862300048706 -4.445133058680206 -2.734882981388616 9.037674874820086 -8.287697007818121 -24.241365452462652 8.15774215332399 0
5 61 1167.6617689022112 199.7314582402386 -63.04449287909042 -62.640572976079426 3.289752324182228 -26.824189785628395 -23.858780253161385 -28.129716726124997 -11.14297957126818 0.1313441212458788 -24.515887547869042 -19.094754005090426 -10.572075125540215 0
5 62 959.499924168016 324.10234587001764 -21.503146599774926 -93.55811883147524 -22.99537363035335 7.289573703441751 -20.584584873988458 -32.4818467563724 -2.879487786119094 8.774760778237026 -9.631090201422666 -17.61392876128713 -4.030119013455879 0
5 63 1183.7787989140056 157.20480631837367 -4.394738384069988 -4.040154196765277 -32.75592403621046 -17.10666803075711 0.02919853119095426 -4.008528828779698 -19.40074846238413 9.346374997176214 6.87417182301754 -21.313822603547575 -16.113482833222342 0
5 64 1160.5156910885944 166.52177298206874 -39.38722133512761 -112.36551465422542 -3.7872598443909182 15.017877100513967 -6.091262602813181 -4.0593992615410786 -6.70827496010776 -17.209187111711774 -19.931257549530777 -13.96501592678088 2.463263690540462 0
5 65 1111.9065537602735 159.6828276115719 21.06654167888818 -122.76866558403094 -37.026216108821984 5.128519200170663 5.977082767597935 -4.91995268291483 -9.512222364905032 6.089479831026273 20.466379949054197 -31.052902714604414 -12.3468426855511 0
5 66 1231.6616298796407 125.2619169788098 -22.327375229959685 -117.33361942385781 -26.83052803153422 4.392530648148187 -44.88897183673887 -10.854207238672728 -8.337945931167264 0.39321113487553583 -22.015494445219904 -12.81255839243256 -32.487506063420504 0
6 11 1188.7978137856273 156.26978617955368 34.74606885533711 7.787989479090189 -12.331361066047512 -55.79200887349525 -6.419489313068604 -16.505378538688777 -23.738861767399445 -0.5919344520044421 -3.0920642600463477 -18.172203467122973 -21.14146688934539 0
6 12 1154.7336894324544 140.92761410303234 59.485079015660176 17.847165239966987 -27.39001749080439 -46.93861667572953 -13.715107418760493 -31.85572090910327 -52.84631255162823 -1.829226759410786 -14.709940410498966 -15.833295870962065 -7.651935200716309 0
6 13 1132.0181092661717 210.38022276971728 56.0587033641378 -30.28409705158884 -19.294232633611642 -11.579396369537655 5.698813276707491 5.269447253417859 -14.25227834412015 -27.533673251587995 8.227692666405522 -32.05045563386261 9.350487751992654 0
6 14 1047.4271442743213 141.5786850775716 77.22585634730656 14.615980299772843 -56.44628350314756 -55.77437175669015 -71.20633162616164 -1.0128333739774322 -13.933141047951134 -32.90776587687344 -20.896731782127883 -32.12802002989844 4.681258112144384 0
6 15 1289.9371469229734 111.99302087366547 23.209344359929087 40.81721063675484 -7.039846517894012 -16.71259047260907 -25.3641969672189 14.719530904307243 26.7829347607635 -41.31570592077765 7.5799874268390255 14.62825014226464 -3.2643186292381317 0
6 16 1166.3585094579792 186.08253536299978 60.12236172033323 -4.703206005766694 -19.985384639749757 1.851551882145308 -38.0803232233757 4.104947176835213 -25.985923818002725 11.80489243094761 -16.341640534474998 -12.200216452200976 -6.020538587491348 0
6 17 1228.024524366776 143.91924182313159 -1.994491975847061 72.67070757595354 -55.695854816536915 -36.11099724535375 -18.454417141544603 17.833923163261257 -16.715804721159998 -18.66732609033675 -2.020989868950848 -35.73980295707979 9.708607505353573 0
6 18 1236.1813660677838 99.29812773343193 9.433368033779113 11.275500001163941 -2.0910674035902335 -31.01615018205033 -14.970779285832807 -19.87681316136676 42.18397795747124 -7.501012871554699 2.9283789650869316 3.6680873977090522 -2.7549491158432384 0
6 19 1098.8433799055724 197.12039673095745 57.31015447790846 44.43398072914215 -1.8574987268690604 -14.276859208111624 -42.81456504917046 38.34201886490208 -11.400673355611092 -43.62902241285053 -13.780083719324818 -11.500059570717928 15.03913705562527 0
6 21 1219.1491422221063 127.2981525426018 -11.600754115021024 31.118476618659393 0.263150458524415 -7.61248015384807 -27.45894932092148 10.759594436047108 24.525667095242447 -18.163689793682465 -10.73599842792952 0.9529065920598266 6.773678709437347 0
6 24 1082.6539636346267 152.57571243957835 89.60544574944284 23.988865539814608 17.29437500696359 -3.473732861754137 -14.368144498285107 -14.870609704396024 -0.3305440868391103 22.803111594201166 -12.908080029786232 -9.046768879600933 2.060366150746005 0
6 25 1212.8383497246923 118.81774173802424 1.3717390784640964 51.96471556891091 5.888440800223174 -22.19756596062513 -25.71854233616501 -10.869567924834078 -6.495106586372542 -13.328056234799668 -16.51381800617621 -12.229353652289952 4.6931891138953095 0
6 26 1193.330092810935 173.94384074568404 -49.97216445117959 -13.442057139369078 -32.37418416292744 -32.73736055595317 -24.191900760784172 -39.91439085341763 -3.037512743374049 -20.131083911368727 -27.997532634868957 -7.997810286356418 -3.807658876252943 0
6 27 1221.439058352684 159.55163697102373 8.321102611255412 48.3742075198389 -15.664491902106425 -8.504941434136125 -46.738910857547246 -9.820792589091456 13.321357151145111 12.985568694997383 -7.310425866291748 -12.421310543827236 -9.793865441718216 0
6 29 1252.7726147888911 146.1095555278688 29.37013076625649 -1.3156715204010792 -5.503457597259994 -8.507435344991489 -38.99963064525571 -1.3188349046506476 17.142077911008844 0.06513359592678276 -33.88816624570907 3.8267815338876616 -7.799293508849021 0
6 30 1276.07232352624 62.07867716160451 38.66867683598095 72.86810994797568 -23.189034641294466 -21.221474853392877 -1.4623718028990054 -36.340585226801664 -15.677476222204255 -22.029105126558974 -3.552967676710631 -4.766455795489151 -12.006580409003963 0
6 31 1015.6484719979943 197.16586747137612 12.433666260459768 40.29345374586675 21.177471084210577 -15.854603740674838 -36.47848553302391 -38.61164397869063 -30.87106000142276 7.487583194093481 -16.857340113857035 -27.824777219635664 17.101030320224762 0
6 34 1303.5876956554034 94.9883789013763 38.17506846452861 -10.444136280460325 -6.544158273159264 -46.16014743914803 -45.81865125330732 11.716055330741714 -19.033744114042346 -11.225426179913377 -43.481097383607114 -0.7665835102573499 -1.170582411133214 0
6 37 1187.4434085803753 156.71687972982832 32.942980597605136 42.979105150570156 -28.74485113325861 -5.464608642811172 -60.751867302852766 4.359836934488228 -13.139494954167905 0.5331832645864382 -28.049273014902056 -13.96715814628833 -9.41823180938942 0
6 38 1128.6686426579856 221.06923173481562 12.06644230535713 -10.727950488150698 -13.3778889523947 -30.122300712957067 -66.13861388562694 21.15348277262624 11.794934169080038 -24.180044337622117 13.07126251702635 -16.36396495441916 -10.288799606855788 0
6 39 1219.4510571467042 177.64585896587974 -41.41914476743466 39.010570180475945 -26.43214144915418 -44.512405526670115 -25.909464147012244 -11.659562541878488 16.55984418695533 12.462050192606812 -23.731432487024154 1.1747581772496154 -11.655241034891592 0
6 40 1223.166235407702 122.42860042557993 52.8826486479414 -21.347745631612323 11.988653599845696 1.654373157157584 -52.878865516977676 0.802190089619001 -20.3417985056552 14.282982809854316 2.55236507421488 -6.616485051408344 -2.4768441912012227 0
6 41 1126.967835368083 184.95687244828017 -4.747601342304112 -4.59029142675799 -7.592591451371777 -61.21953708527346 -9.91804661894218 -8.060487754509085 -3.3294541804331437 -11.361836618009262 13.123392844560845 -0.20439371845950882 1.8933778914612114 0
6 42 1029.7918445552211 212.18390469661932 26.90977204715162 -32.120558200844876 -17.283736862099733 -2.1453795371654967 -23.339430146321533 -15.123116162855775 10.142690101538879 -5.833196527452175 -10.826424224303787 -5.142659538777978 -6.270425488945015 0
6 43 1197.0097487271555 134.04508666419554 63.010678539906735 13.665041427295442 -34.792978167434306 -1.9041457703366536 -24.511340139853967 2.6537285913845645 4.012960325819629 11.006796601475461 -16.079491914852778 -2.4071840628425223 -6.01739387332661 0
6 44 1337.3279849588553 65.48886365939852 -27.59195137034055 22.469211138096842 -68.68222925451217 -36.97337760959193 -27.120396863164128 5.240052228775388 -21.05937668903146 -5.420522437780022 -18.343941661583504 -27.97606664765 -3.350908920618436 0
6 45 1149.6955507171301 191.71919442203634 0.5353917320850314 -21.741697950530604 -7.426846338501037 9.675424454491123 -49.152582545095285 2.7606042279598544 32.486237181761034 9.625223529459326 -4.694201043535871 -21.856088974708655 3.0480446778106685 0
6 46 1152.6414512616614 136.6370040046879 58.60277795167226 11.860863571403447 28.220306109922696 -6.338000946630533 -5.252785710043604 -22.401682404106722 -17.833347795464288 -4.166441189075903 -2.1154012566512352 8.496396137159024 0.6150407936097901 0
6 47 1293.8719059523337 126.49616180145281 -1.2207915520457724 -17.378493676839597 -19.616487096561947 -22.324813813898007 19.475739092117706 -33.411865104835904 -19.950575367239935 9.507590662247097 -21.48352368754237 -1.6217892033097077 -2.4601473249639367 0
6 48 1185.1257609099125 135.14648869975963 48.36115991121384 12.733159476993437 -15.962734341954333 -50.27758364973247 -47.15519409944339 -3.8806425986085773 -0.40901989262148836 0.131825054258312 -31.017237023028805 -21.112528056657407 -11.588545560626429 0
6 49 1230.1701645142002 144.55241466082268 -22.839857416386415 3.0133536144535626 -29.563674369468988 -66.2524676196728 -17.29349118858568 5.275628253234423 -12.773897119753663 -34.58661998512737 -6.250272643841207 -13.900412410073947 -6.378699679604406 0
6 50 1311.7283917123561 85.89742556894314 17.6092394149937 0.16373347039488798 -22.077231661331066 -47.652200165248736 -21.707346943002236 -25.989231999047746 -3.273394009611736 -1.041645483602203 -17.95523486053841 -29.20014608895737 -11.653770825753497 0
6 51 1083.862695764213 179.10566480751405 41.682704045974006 45.08440337859027 -26.682775758336188 -31.138738830088894 -29.956499655275856 6.357302560896412 -14.599263226763115 -22.219520799316864 7.02560121418732 6.936953026893639 -2.0632567445963472 0
6 52 1248.0940353569376 118.73139648561619 35.769969516119225 -15.200239764458885 3.271240962998624 -21.78718722329003 -59.96969081808228 -11.309766408577005 13.158058699062071 6.908485491111098 12.888838586138068 -7.174966978992104 -13.325476999102401 0
6 53 1171.3723462515377 154.270608408084 -1.387199076220801 3.950212983360857 -19.1210889825345 -2.60086455721857 -59.853732230844024 4.01234569100798 -4.091725850500717 -5.15151237917788 7.140462424489354 5.061605908772882 2.3301915458661844 0
6 54 1160.8988347006866 153.27094849538992 30.509411541377514 36.1499872853896 11.509813246980187 -44.56439791892482 -38.53923906097724 12.881520180671911 -15.907346062960405 16.60676744440916 -3.0339945976808957 -7.195050609289907 -7.3470989330213055 0
6 55 1229.0047727527572 138.87035502935024 19.91587233370151 14.384932091729594 -36.23681508136639 -66.19657811927795 -26.1909801506149 10.272449137496 5.949976309510815 -5.068777093990065 -25.952394578521645 -7.462476183714999 -14.174387705949995 0
6 56 1141.5263243363736 165.9217851006953 43.982310865579464 -3.3098619036890966 -43.14297540729318 -51.01668462056005 -24.46170001647409 -40.97622197171648 -31.40554940668008 15.774649172233698 -6.566362457057919 -4.6539076242248125 0.7444417447652162 0
6 57 1125.2287698521227 191.10513315407627 30.659685042162838 8.477121032516335 -36.94308098827911 -73.30862782463979 -7.90195715157943 -1.015224597559646 0.914279102071199 -29.76963044360483 8.906935052082423 10.46419129489709 7.130001411160251 0
6 58 1103.8837925790897 192.32230538267007 39.889740629265944 8.516560326970716 -11.77980202013961 -14.244903056160549 -24.192902656656905 -30.40457081760339 3.2121705964003135 -13.320108028234115 14.18155985034787 10.432029097782785 -8.394974351449129 0
6 59 1260.5289054608638 81.13256199257404 15.133927239464807 -17.071697157954773 0.6955058292631273 -13.216284296988043 -57.450130904085434 9.799007881583986 -31.044270000988504 2.2688392305185174 -5.0595937911625315 6.853966550861626 5.203015579551628 0
6 60 1044.479900321108 140.7008454522393 66.69190628928284 -5.077212640040278 6.2920763049956285 -7.130028273496819 -36.49555172250571 7.357391424108411 -11.552185740806571 13.099432507116495 -3.9013749711470807 -7.698162942857369 5.363003728191823 0
6 61 1195.033290280905 126.48961399739436 28.00931471598541 16.327078401187727 -13.488457270142714 -64.21325950526817 -21.619837850854573 -41.47524887984405 -10.321921076967609 -12.440402601502262 -29.06148799343716 -12.914321507653712 -7.264122865860172 0
6 62 1031.0248340335374 272.4579488637243 12.93142790848858 -6.718948844955765 -19.071825627320287 -27.671506752494704 -53.06836210411987 13.713685537343704 -3.8640756326053087 -12.80376892803165 0.9438549716562531 -7.914790857673824 -31.69624220477656 0
6 63 1197.6484676206169 123.36175039433532 -4.511345437967991 42.212570515785934 -8.424044763872839 -3.0974540440155143 -18.14560661479699 -9.078333624309137 -3.423108406930492 -12.05445017123848 5.053290412316326 -3.286416302735435 -4.9065555534309135 0
6 64 1303.2007467118945 97.77294744667123 -13.765626235545179 -11.212244154665605 -41.522776134622774 -20.060410335435947 16.39172792160555 -19.34566234562325 -16.996509667696802 -28.68344933613054 -0.7346698766879262 -7.122416089890894 -11.573296152553958 0
6 65 1287.0465703066106 102.87452038198943 6.742000098233718 59.43816414471657 -50.291904276528605 5.1305068891992684 -43.376710931232594 6.896402468091518 -8.714230760895147 -1.1039892230423702 3.562930647350189 -8.489590533853075 -15.473125667044465 0
6 66 1207.6018225382995 145.53579211100805 -5.4658595170570745 -1.8035689726398276 -47.17319509300105 -31.69811006361526 -44.79032756507562 3.163553082876166 -8.282750408930827 -19.17098610829703 -15.47098198116559 -19.881458155078064 -19.270369813967683 0
