1 11 2.2725e-005 0.004050000000000001 0.515 0.05883 2.056 16.213 0.02602 673.7876115317431 1159.4121701294794 1875.884552336867 2828.2995008394773 166.23534823199213 236.4618984965804 248.93742990794726 236.01154707190673 12.429732836673626 21.670464263967595 22.322802300298587 20.72800280967391 81.51875193371994 0.6964042436133993 0
1 12 1.4439e-005 0.00313 0.303 0.034620000000000005 1.753 21.443 0.007493 1044.6697195284294 1592.4927366072473 3173.7221097589522 3665.907426467673 109.10858926526451 67.51813575975027 191.63531523109518 91.79820946647479 8.01688786746928 15.777152022387227 13.194286882029648 15.991947744433032 85.05827687749729 0.2407614244312647 0
1 13 2.1243e-005 0.00369 0.345 0.04025 2.01 20.574 0.010496 703.7151533201105 914.9306070672234 1832.4623481332435 2971.979512423367 27.097891520152643 71.10096689713296 132.83760024392842 150.6945170987998 11.901122152176146 27.461099023167744 22.851765572514317 19.725909870824406 83.35305552605311 0.5715544626906723 0
1 14 2.8564e-005 0.00642 0.599 0.06771 2.872 17.105 0.021258 735.2109989518101 1138.3356179036589 1798.1857095382609 3086.9314494903574 36.43841546173666 55.92695887464684 34.22842470603008 56.16487512914096 11.3912876873989 22.071698016679658 23.28736113176691 18.991351430780494 83.57312368141186 0.6446477968942179 0
1 15 4.9516e-005 0.00489 0.374 0.0425 1.282 18.767 0.017409 711.3528902886841 1345.9056930951087 2371.7341547190517 2740.9267073392557 8.919863845974549 14.933403477680466 103.0991648644891 153.64064525365436 11.773340790955702 18.667726965491433 17.655857388856628 21.388751418643366 84.02695233522431 0.31532957284364704 0
1 16 1.7338e-005 0.00299 0.265 0.03049 1.54 22.663 0.006156 382.8681844553478 1277.2524266065668 1681.3358429385353 2736.2678506595194 34.841000392971914 38.25993471214918 170.56316828863342 32.227708863700045 21.87436914329647 19.67113115357523 24.905791532293424 21.425168587157753 83.86818712219295 1.0147469207756286 0
1 17 1.8286e-005 0.0033100000000000004 0.284 0.032100000000000004 1.812 18.71 0.017877 848.2201590505625 1284.283815040032 1797.5770905239624 2572.9895462271606 62.09785864465354 53.20826377194634 124.25698375480172 25.034305759395696 9.873615842111535 19.563432713054034 23.29524570642707 22.78477970731102 81.39865247887795 0.6571656764694533 0
1 18 4.6746e-005 0.00538 0.363 0.04369 1.6 20.434 0.014185 715.7470865948033 1233.600830216784 2333.544465261267 3260.2342467331423 11.62205505336546 18.154371416787342 24.052290629868043 37.87794816565691 11.701060551771734 20.367204191638486 17.94480483375388 17.9818367526027 79.6626889402759 0.9742498738392261 0
1 19 3.5674e-005 0.0063 0.318 0.036469999999999995 1.752 19.173 0.013395 405.3037617130069 1128.5167147704399 1380.0492945939814 3238.6562965276753 61.574081119468055 74.226077521974 83.82180583085649 44.186334754681965 20.66351411248506 22.26373758682951 30.343119020483883 18.10164297546942 83.20966498553928 0.8722743924922642 0
1 21 6.4684e-005 0.00608 0.292 0.033490000000000006 3.909 18.974 0.023074 684.2303837121176 1186.9216149718225 2627.5021971328624 2919.77767905998 15.152650971578046 11.660904589241019 141.95298201122193 126.81386026775947 12.24002938098652 21.168204945527485 15.937189337346364 20.078583523823042 80.95250748964772 0.5033376658557173 0
1 24 6.7731e-005 0.011319999999999998 0.359 0.040990000000000006 4.306 18.741 0.022992 283.5729547889595 1275.0198225905126 1736.7055454042359 3000.382904486499 102.419022793331 118.78420264260437 199.3610212041829 59.21768400748989 29.53384608286371 19.70557598779324 24.111744279743846 19.539172787692372 86.68553470125745 0.5836261373139614 0
1 25 1.129e-005 0.0021 0.343 0.03932 1.537 18.828 0.014184 727.4775393393214 1334.079970321357 1703.0888166077277 2777.528598446379 27.803598663035235 27.437925632920734 26.568234749643228 74.12989908797246 11.512382921960704 18.83320382506591 24.587678335771177 21.10689338456933 84.58760942828647 0.7044164381068796 0
1 26 8.662e-006 0.00233 0.275 0.03174 2.002 24.034 0.004168 567.3102042780074 1142.831198991056 1437.9251977758825 3025.9312719194695 20.234737326972606 26.762286533528066 28.516178897164675 68.39946522941499 14.762646497181416 21.984874076050346 29.121820846293225 19.374200777141844 83.91626152557441 0.480612750888966 0
1 27 2.6368e-005 0.00375 0.232 0.026400000000000003 1.3 22.225 0.006858 642.1532937476201 1341.5303968449502 2014.952494655635 2629.520381665352 17.201886958142012 22.58185341955834 333.7359553792029 169.1143627660373 13.042057218336955 18.728610293952116 20.782127673514523 22.294940327814107 83.43700788866812 2.3337760595037462 0
1 29 2.0237e-005 0.00344 0.382 0.0437 1.617 20.28 0.012881 539.2642146251625 1331.1501089030344 1652.6601223045352 3108.404610863141 72.08261758507206 40.20809151180687 165.70742906602743 35.79303461474549 15.530420474537484 18.8746557070899 25.337938173039372 18.86015732801304 81.95220273912689 1.2819672166098377 0
1 30 1.4124e-005 0.0027800000000000004 0.29 0.03327 1.342 22.307 0.006666 491.58275085914534 1457.3162005495642 1806.161030467444 2921.267695658354 52.68912389624946 71.95399798977667 53.885720108489096 63.57164213479296 17.036806082725455 17.240596097487412 23.184532992145517 20.068342277268748 82.99787873358041 0.736726222488331 0
1 31 4.7777e-005 0.009120000000000001 0.536 0.06023 4.779 17.078 0.02757 344.9657559881323 1054.573270037938 1520.9063478362566 3251.3800908228436 134.86014301144058 93.71161502230255 206.46884499216705 51.375449228071794 24.277772082073334 23.824802613379468 27.532924732396694 18.030804877433898 85.16806047001155 0.6425443420230671 0
1 34 2.9596e-005 0.00504 0.262 0.03042 8.61 19 0.022514 777.0060675490582 1115.462426881536 1788.9669074834753 2967.2717389936283 181.44534073535323 212.21085484993458 549.6607159247557 377.9534987251973 10.778551609535821 22.52429072868119 23.407364230624708 19.757206335232073 80.45753974905593 2.0796832972860906 0
1 37 1.78e-005 0.0032 0.447 0.05082 1.546 17.836 0.019036 683.5707280666925 1065.4418802443477 1663.2004028717865 3113.416059208666 83.20976018751172 104.88016665274124 447.38540926766785 160.368521074283 12.25184118648055 23.5817649614429 25.17736282873428 18.8297994502221 84.6735269841529 0.2981525983110786 0
1 38 2.3655e-005 0.00393 0.416 0.04735 2.608 16.87 0.028108 847.2443188030969 1191.3383923342494 1721.0691931601123 3011.0837225008872 36.25751113979293 84.73978541992143 165.5886776090502 55.4209539973904 9.88498808918704 21.08972577537044 24.330805621540364 19.46973428932371 81.50984247584174 0.8831393069174868 0
1 39 4.5561e-005 0.0054800000000000005 0.445 0.049260000000000005 4.241 14.582 0.087284 709.6542495864385 1314.8161953147219 1967.8677144644603 2644.1602537765775 78.8082280057002 71.52694026253886 262.1385459591204 143.6282252112091 11.80152166337432 19.109134865794633 21.27937751720062 22.17150035300153 78.1060063738752 1.082250137625222 0
1 40 7.8134e-005 0.0078000000000000005 0.46 0.045810000000000003 2.141 18.815 0.022029 617.3508374712903 1159.7789108270433 2081.9582692420677 2978.9720523556293 19.85999382089577 20.371955824370932 158.2187932217109 54.6735406855369 13.56603002970653 21.66361171551503 20.11327538051207 19.67960725030708 76.06561602160687 1.086686718533585 0
1 41 2.0359e-005 0.00369 0.225 0.02613 1.19 22.647 0.007088 433.4219433060442 1169.8762397304638 1488.4643442995123 3293.5565539936347 20.830875227624873 49.09472157631185 15.573452042330059 42.0479147291039 19.32297182767767 21.476630729579334 28.13302190299146 17.79990689059633 84.417578376208 0.792373624117078 0
1 42 6.7482e-005 0.00661 0.961 0.10039 3.752 11.965 0.083244 578.4119199021114 1137.834186637962 2059.736854894459 2938.3593543748243 78.84646084155722 45.10066469038098 79.07500110165479 172.26867691431156 14.479300498194018 22.081424776169357 20.33026689816922 19.95161004140464 77.32884161754201 1.4537359041221243 0
1 43 6.1198e-005 0.00755 0.609 0.07006 2.408 14.21 0.051292 803.3709797823748 1287.6778182567866 1907.8597910638762 2667.9124931557217 35.15712624907348 62.2852967061427 84.28114557959049 51.47838829199465 10.424822666943614 19.511868297936008 21.948677883005924 21.974109027337636 80.19360171608102 0.8152981374675083 0
1 44 1.0576e-005 0.00185 0.156 0.01777 0.531 22.66 0.006018 963.6846185438101 1418.4951437105678 1869.058065673828 2730.3365739032706 8.714402276311432 18.824711031013475 41.90089320267893 14.406527133156178 8.690602546562555 17.71243286337718 22.40433337468482 21.471711788334616 83.93005140617831 0.31128084374735465 0
1 45 4.0892e-005 0.00441 0.266 0.03058 2.534 19.174 0.014523 734.9725477899069 1111.196541711026 1424.5649310865504 2682.087649251679 89.21544274788509 167.69277163175258 226.6891157268226 84.05990723244969 11.394983425141488 22.610761514171383 29.39493952589505 21.857973215885313 81.1000477019515 0.9071774508375379 0
1 46 8.2587e-005 0.00792 0.353 0.03909 1.916 13.895 0.056889 730.3616339195801 1210.314061872263 2108.137467286784 3170.715015813227 26.022591934475333 26.67755657176837 236.7514838247376 58.77858217923295 11.466922153419368 20.759074682759245 19.86350541641574 18.489520410261097 79.79057277661244 0.7647173551175545 0
1 47 2.0544e-005 0.00382 0.317 0.0364 1.46 20.458 0.009529 528.9410659955018 1263.3569488171668 1698.4270892061043 2977.0498952540775 81.85767406423766 110.80665848726827 90.79924295632547 38.14463655370633 15.833521990276363 19.887491040060837 24.655164926493036 19.69231355290961 81.82086378994954 1.0273844495510642 0
1 48 1.108e-005 0.00218 0.278 0.0319 1.609 21.681 0.00794 588.9785726618094 1479.2891064517016 1664.0191397928331 3144.021000212587 49.94296236613664 44.590949883859 82.03225363721303 63.029796287072 14.21953257509915 16.984509579919848 25.164974968505078 18.646503950207713 83.69312524860312 0.4590714639867766 0
1 49 1.6392e-005 0.0027900000000000004 0.39 0.04505 1.275 18.405 0.016109 752.5764752641627 1374.9470034800825 1995.660053734493 3060.2173385932806 20.890826329457287 60.330962629871934 134.1365922764259 22.39566812720286 11.128437142630963 18.2734315842043 20.98303261702263 19.157136083330837 82.24955533316148 0.353702070414771 0
1 50 1.4033e-005 0.0032700000000000003 0.285 0.03274 1.532 22.767 0.007144 909.3834187376338 1423.1029615044417 2125.394158890658 3127.165209671375 16.46728729856143 26.564410089859994 106.7040560016239 30.794507320349492 9.20953673382984 17.655082365536614 19.702227854929507 18.747010813081005 83.85301207409242 0.318553222018464 0
1 51 3.4419e-005 0.00409 0.577 0.06569 0.378 16.953 0.021705 668.0799343191478 1109.175137280569 2161.196447845816 3059.0175492223852 11.068667064495417 21.669643450927133 163.8755392056792 147.3811492910155 12.535925073898698 22.65196825597846 19.37584158151802 19.164649779437426 82.78084435647416 0.38748493290511854 0
1 52 3.4644e-005 0.00372 0.293 0.03313 1.867 21.821 0.00895 698.547318691437 1212.0087942815135 2107.41901311345 2987.420235721737 11.706134286661147 9.871236002904682 304.7386278695398 42.140006644009524 11.989166339781505 20.73004760241386 19.870277215604542 19.623954908987443 81.79389464109077 0.44879505162164973 0
1 53 3.0203e-005 0.00307 0.551 0.06411 1.344 17.538 0.0207 643.07881239185 1216.7327232184425 2046.8141544139403 2746.8388105640315 8.289709219338398 16.701274478480318 225.63615757860072 36.82222191442607 13.023287097346982 20.64956380357764 20.45862342201262 21.342715770046237 81.69152853578112 1.504293553070122 0
1 54 3.0362e-005 0.004079999999999999 0.242 0.02848 2.375 19.131 0.015662 540.6944114282528 1346.2747593909364 1837.6068241245994 2467.4090305150694 50.9735338550398 29.60836657241476 160.83432968271197 83.04801438180763 15.489340786558724 18.662609415158848 22.787790864864927 23.759741200169834 77.35935257008674 1.451051327148695 0
1 55 2.6375e-005 0.00486 0.423 0.049109999999999994 1.832 17.2 0.02122 710.5251234770877 1155.8179248486229 1978.1743964135665 3106.18239022211 118.74991150646638 19.21430073280464 140.44313903355206 49.81897459879841 11.78705681653503 21.737852874440076 21.16850772910591 18.87365023526773 79.84862548611814 1.6971867361457758 0
1 56 5.0301e-005 0.0063100000000000005 0.65 0.07323 3.487 15.459 0.038387 679.6966409701983 1140.87399476204 2235.009363560572 2999.9078823405207 15.63871399713176 12.234575825450381 149.34097652075928 90.97954727527979 12.321673368939317 22.022589799884514 18.735939402638266 19.542266729290674 81.61840211625926 0.5953238342033465 0
1 57 4.6789e-005 0.00618 0.353 0.040350000000000004 4.406 19.759 0.012716 526.9364123451513 926.5108427383075 1663.3996870969845 3100.8979184290106 75.07580481543312 204.3823427555071 481.5615924976474 250.3838876580082 15.893758343111518 27.11786936647491 25.174346445310157 18.905814232575846 80.3557942411038 1.5830275317488667 0
1 58 5.4288e-005 0.00756 0.484 0.05272 2.502 17.314 0.031924 776.6848639787029 1180.3225890986987 1762.9868097879473 2803.7255581561244 36.40034472972973 57.5325907429826 232.6748716958546 58.256797056891564 10.783009156503462 21.286553550742088 23.752304763435376 20.909678491697612 80.56682480129848 2.39226496033747 0
1 59 3.3694e-005 0.00394 0.541 0.06312999999999999 0.639 11.886 0.079295 788.2979726785358 1227.0652726283822 2502.0487932530077 3151.917517553537 11.669374608439076 27.7172800855467 28.15946515138962 107.84524778155489 10.624155192918764 20.475683372720734 16.73628432543745 18.599788755101592 82.50388627224764 0.6737140200534636 0
1 60 2.6721e-005 0.00305 0.378 0.04204 1.115 18.032 0.017597 751.2679606352466 1303.1362432143937 2610.7780104388444 3283.359926167796 20.28404483783359 17.73167647495751 34.82349650588196 49.71874558962781 11.147820004088002 19.28040919038916 16.039280181068037 17.855185334013843 81.01653937284267 0.6318911752521486 0
1 61 3.3284e-005 0.00716 0.398 0.04553 3.097 16.951 0.022287 406.4668868313375 1243.0517431843662 1621.3434774263794 2841.57961435787 112.58575748222323 74.0869080835666 192.663132111835 140.05238717477297 20.604384443929344 20.21235249277433 25.827346631368815 20.631130552802713 86.00323632795639 0.6368881420588606 0
1 62 4.2762e-005 0.00395 0.598 0.06555 1.143 16.509 0.02507 369.63693442254396 1113.6269709942037 1596.7737871527047 3365.0715309244893 38.051566481757796 56.48230137878198 64.53574671390945 40.12427943541384 22.657367865804954 22.56141477748995 26.22475414922086 17.42162074750723 83.11950913900822 1.0301482487461486 0
1 63 5.7145e-005 0.00621 0.734 0.08414999999999999 1.376 10.142 0.112817 605.2481060361613 1164.9065191537854 1921.9316603622215 2757.128208856409 57.05959753572688 23.531589707569477 72.94928792450061 127.75981249792164 13.837300631717508 21.568254264944255 21.78797553712598 21.263066335357777 78.80280268453585 1.6861457446403363 0
1 64 2.3174e-005 0.0040100000000000005 0.436 0.04887 2.815 16.814 0.02227 774.0742569413727 1410.0630209646506 1924.3692293335635 2702.18689561127 16.437861288686438 88.40100521001114 195.780197220659 45.91768648119224 10.819375434460818 17.81835253208152 21.760377042872335 21.695390535427144 80.80220897487737 0.8366299873253275 0
1 65 0.000236068 0.02891 0.537 0.06128 1.525 8.604 0.311441 738.2137186948544 1278.5151261842345 2004.4917702932678 2796.3588904629332 13.06483327461807 23.77048269629152 189.00333932239644 45.17742244584196 11.344953077825235 19.651703359182218 20.890582151840647 20.96476249881313 82.6748688225107 0.9699479358035941 0
1 66 4.5792e-005 0.01009 0.947 0.10372999999999999 1.023 11.127 0.14375 803.9864431277593 1492.571695936016 1837.130451551916 3075.362307045745 25.24999958203454 63.27255500588313 206.44914715471936 57.60728526319267 10.416842313184565 16.833362222002812 22.793699796672627 19.062794606569902 81.43538421452824 0.998708074667338 0
2 11 2.9272e-005 0.00577 0.309 0.03563 1.074 22.189 0.006513 317.4396464664892 1398.6248499844264 2582.152497735802 3040.31177220266 6.836660629228913 73.39410110589125 71.45623319642878 44.89181970303823 26.382967890824293 17.964073783101856 16.217090213191785 19.282561918815013 86.10656829359682 0.25910787189572615 0
2 12 1.8392e-005 0.00382 0.136 0.015700000000000002 2.266 25.317 0.005286 349.2066070169325 957.192940083803 2781.7472228027445 3085.8543694100495 6.7474133308798026 141.68840389621448 50.195431962921745 51.934464907986346 23.982936839433595 26.248626528524422 15.053488561699332 18.99798013190359 86.30177468554487 0.3501100870555206 0
2 13 8.52e-006 0.00199 0.259 0.02943 1.498 27.974 0.002156 395.4880408383575 1108.8602581298778 2745.0458844521763 3312.3177043630963 68.41853856947418 957.9849170293697 275.53983567074016 282.9363764164132 21.176367260680333 22.658400655799475 15.254754114376823 17.69908723513363 87.42945777376664 0.6093250283319774 0
2 14 2.3034e-005 0.005490000000000001 0.282 0.03152 1.717 25.323 0.004205 322.4531242684104 643.6070165178021 2949.6923369509414 3518.1521248020777 18.969478127488305 371.26533481724607 129.17844954153685 74.39956195972007 25.972767418524494 39.03779690895437 14.196395832687298 16.66357733274484 87.74571763912284 0.7030840322663599 0
2 15 4.4379e-005 0.00445 0.24 0.027690000000000003 0.91 24.17 0.006341 271.23841616112145 1786.3053724625074 2299.2267199477465 3116.1365266646444 7.245575917159437 241.5817677927597 23.954342871030498 23.15075215733825 30.876894646903814 14.065344250386476 18.21264498916039 18.813360550267433 85.91045481661631 0.3604942898881236 0
2 16 3.4859e-005 0.00608 0.668 0.0756 1.861 17.438 0.019783 317.41792014015897 1512.3016563040667 2698.085609423716 3152.3791087818613 8.038700467151733 169.96098212791506 80.3758993339914 34.94717462922046 26.38477372765198 16.613748913958943 15.520263646839611 18.59706525673995 83.50000023963861 0.7301066948554998 0
2 17 2.3192e-005 0.00444 0.381 0.04265 6.744 21.821 0.0074 321.81546077440515 1616.7519108770477 2692.2247497487942 3355.75392424701 13.082400278308288 83.08667170301493 27.032192986379926 65.9631896452335 26.024231340056506 15.54041769239061 15.554050605881722 17.469993725226658 85.09886885212669 1.0598302223583758 0
2 18 2.3535e-005 0.0028299999999999996 0.26 0.029820000000000003 1.387 19.469 0.013622 309.5428766901719 2227.9846463264275 2781.905044747435 3181.66072885749 4.932793143572709 23.49722451208292 88.182671987111 32.733598674825345 27.056025612835267 11.277007694566883 15.052634553096965 18.42591181022993 84.8274836657856 0.34475300416421467 0
2 19 4.6158e-005 0.00781 0.347 0.03982 1.447 24.124 0.004444 238.92299655549854 965.2990892483534 2726.611873490515 3113.582127726515 6.7126040785590915 150.86762376914527 37.90633444779602 73.62655867530293 35.053134778738645 26.02820232593818 15.357888083423132 18.828795128910567 86.96608238790793 0.47696230776237225 0
2 21 5.5994e-005 0.0054 0.3 0.03465 1.838 20.439 0.013516 358.6921822425931 1850.808099882369 2533.808974230026 2929.3208649981148 14.887399278435396 18.220290249961536 71.08751402583616 127.3940742494019 23.348710718026645 13.575151309094043 16.526502362998766 20.013171209920607 82.03889663529265 0.6277891795414519 0
2 24 7.0789e-005 0.00976 0.933 0.10887000000000001 1.394 21.403 0.013228 196.73168837448372 1227.614099428278 2747.335440879297 3434.6098782941463 8.844534376680715 191.73448648260103 79.55869185226375 57.13389444417356 42.57067109624951 20.46652935291405 15.242041207242504 17.068896345548577 86.64103481297417 0.6133375660588261 0
2 25 2.8488e-005 0.00519 0.522 0.05955 1.42 20.074 0.012782 314.74145198839364 1043.6749435681159 2710.545579580117 3318.421843564212 14.620537518779958 150.271433414567 212.67575668126426 26.856350789785107 26.609142034169796 24.073587427616737 15.448919330287277 17.66653028568325 85.79560042688391 0.8868440722220008 0
2 26 1.3742e-005 0.0032500000000000003 0.291 0.03342 0.694 25.433 0.003064 361.5584413713501 1027.1481043740905 2806.637485869272 3158.821325096002 7.778803763771901 73.61084004531992 43.36539488315657 40.57566567132365 23.16361351773333 24.460932063259104 14.919988851723923 18.55913771831279 86.51085868944988 0.5492672164112449 0
2 27 7.9182e-005 0.01153 0.588 0.06692000000000001 1.978 17.437 0.019256 296.1483583686286 1756.5286949135043 2200.499546078895 2830.6984679417033 5.0983091859803915 150.33300585870157 25.86116389888716 72.6655430621436 28.279744808091348 14.303779991044903 19.029769887759226 20.710436192318365 85.25708082413216 0.6624482576812314 0
2 29 2.315e-005 0.0039900000000000005 0.214 0.02444 2.266 27.636 0.001847 308.14749875794126 1114.5379924003341 2637.7354345100625 3080.1128942730697 7.283748509390023 63.22846561889034 27.259449010368602 117.48221493484562 27.1785428528784 22.542973116501244 15.875360148762582 19.033393259384393 85.84855502297913 0.554225080854953 0
2 30 2.8692e-005 0.00603 0.317 0.03553 2.242 23.122 0.005609 338.42673713750946 877.7043642185977 2805.4562542096105 3353.764299966807 37.1154192596516 434.7031212786697 118.58888097644115 102.98677202246547 24.74686270605467 28.625811861341575 14.92627088273653 17.480357817804975 84.52547046058838 1.387409158795278 0
2 31 2.3857e-005 0.00488 0.189 0.02191 3.202 29.617 0.001323 228.4397641446834 774.3243210951343 2653.453896855579 3096.468770195488 12.243611117403661 165.1355594653819 241.43562551013446 133.7950925143775 36.66174333245964 32.44764411437506 15.781318096245467 18.93285686078431 87.93849550998783 0.6674856818965019 0
2 34 1.657e-005 0.00301 0.178 0.02018 12.464 22.464 0.006668 340.4045329229533 1100.9443664255289 2842.0698887929193 3300.16681970161 32.94305905887658 558.2785365371266 127.47717312374319 82.80828655239716 24.603080129651463 22.82131664979052 14.733979683302264 17.764253506827473 84.65527677981824 0.9679759394281192 0
2 37 2.791e-005 0.0053 0.358 0.041600000000000005 2.138 23.738 0.004756 306.6995058756289 1143.6800096197987 2491.388101766596 3269.7129842888544 15.95338307334907 262.3943135370205 19.554694524769822 49.49508713348217 27.306858470767096 21.968557453716862 16.807899166856917 17.929708289900752 86.69331389211907 0.5188101819209038 0
2 38 1.1883e-005 0.0022 0.239 0.02742 1.549 25.027 0.003496 373.9369985286307 1210.340503421445 2792.1704409841086 3225.1298960379877 2.455730422626572 114.68075996745839 48.25340263336333 43.763438549265054 22.396820942977012 20.758621172286244 14.99729364130115 18.177562420670164 87.3292285834776 0.3416107744275528 0
2 39 7.9945e-005 0.01027 0.664 0.07064000000000001 1.779 17.895 0.02243 303.422264589172 1745.705198757373 2353.1409891339927 3191.224381937164 9.128189841718076 167.40643223368895 53.98475781874822 71.15077874798163 27.601797815791766 14.39246444238378 17.795363810908295 18.370691929977347 83.5143698120192 1.9741824253609945 0
2 40 2.9266e-005 0.0032600000000000003 0.186 0.021349999999999997 0.92 25.149 0.00346 318.49048412373645 1422.196816895949 2497.375531422107 2932.718610916347 6.041970515471131 288.29269920958217 76.95551942591366 48.052276813040855 26.295919085438786 17.666331200794833 16.76760241826934 19.989984644889688 82.99913280699117 0.3589496860731287 0
2 41 1.9512e-005 0.00348 0.203 0.02305 1.776 25.054 0.003737 361.23802569489334 1430.7160858368347 2694.0104128202097 3361.124088690841 2.6558254194969373 101.09971685746149 24.618107968714153 23.107259328240854 23.184159485672865 17.561136167211142 15.543740959844097 17.442081414743143 85.87198299562135 0.4401474465804094 0
2 42 9.0808e-005 0.00891 0.504 0.057640000000000004 1.914 16.904 0.024972 337.6361161374136 1814.329440919836 2167.669468641829 3013.0129891873726 6.718880929434818 198.3067011321142 21.85934670615458 78.3051516335027 24.80481085913061 13.848091439921753 19.31798210279592 19.45726759572036 83.09412144283922 0.8720407136275511 0
2 43 8.7226e-005 0.012010000000000002 0.825 0.09009 2.248 17.633 0.062516 318.2822812158644 860.2933759829671 2945.011030259579 3336.8082121083553 16.87685112964397 204.51080954733536 63.998342573770195 59.372154726538604 26.31312044141073 29.20515338304482 14.218962024162286 17.56918476383092 86.53971494831552 0.42029351471709 0
2 44 1.3528e-005 0.0028899999999999998 0.252 0.028929999999999997 4.58 23.63 0.004651 394.35835952849646 1440.1523488949142 2767.0632205108072 3292.445425067538 11.614020172809566 143.43722727499454 40.99098772906411 120.37876936082536 21.237029208695702 17.44607090998352 15.133373061230515 17.805913973136676 85.5001826300107 0.5026861819009552 0
2 45 4.1029e-005 0.00455 0.31 0.03537 0.955 21.338 0.009378 326.6115789878034 1828.8684963961339 2577.052963088097 3075.2999564719885 6.1906901999754975 242.38635242204893 45.879386208711125 54.24999740092032 25.642079273352234 13.738002513308048 16.249180983001978 19.06318109770831 83.81380070605974 0.7900478887043227 0
2 46 5.1566e-005 0.00529 0.26 0.0278 2.146 20.208 0.013469 313.8275334266028 1321.5383813872638 2696.1820208866206 3335.5906779962766 23.608866519147078 608.8338246778488 218.14367223670905 134.91535632482805 26.686632331317494 19.011933632699666 15.531221436685383 17.57559774546937 83.71040335351596 1.0099708569743362 0
2 47 4.3929e-005 0.008159999999999999 0.671 0.07426 4.975 19.377 0.015626 355.5682903085243 1149.243555764573 2600.1906777883482 2957.3394464264343 6.391153728263212 140.4771651133604 55.5012470244683 90.75204356947798 23.553843883921896 21.862206556629108 16.104588158749088 19.823561367242032 84.52857498239695 1.1189921787695623 0
2 48 1.4308e-005 0.00311 0.177 0.020659999999999998 3.041 22.572 0.007641 310.3121696833789 1468.0360734383057 2792.4372889199008 3191.1859439534624 8.835042650817 101.12937743295367 28.885773778654787 38.716927123905656 26.988951185979175 17.114702053032268 14.995860485804148 18.370913205819427 86.22930642627506 0.439507316276266 0
2 49 4.2649e-005 0.00756 0.512 0.05803 1.375 18.608 0.017601 350.499557586691 1472.7899267180846 2693.492685981907 3227.328818818641 4.485007794266044 82.827236077137 173.3421305118677 31.921146805224055 23.894466679686364 17.05945942744713 15.546728683517683 18.165177238264675 85.02591101711319 0.4712202866057414 0
2 50 9.017e-006 0.00203 0.284 0.03232 1.507 22.094 0.006842 379.2631255921745 1735.9859029462614 2764.5558931796786 3184.7068504784243 4.794090779951112 121.8256164863507 69.25774630929266 56.031022402230974 22.082294414790333 14.4730437945139 15.147098347082828 18.40828771765697 86.32298816508887 0.37143783529530927 0
2 51 2.5008e-005 0.00301 0.207 0.023710000000000002 0.484 28.611 0.001659 247.39938878295445 1135.8081906416337 2509.198086905659 3115.4843861315676 3.947274059568524 260.28732304510436 110.47813012137892 50.3296067852777 33.8521450727894 22.120812481380806 16.688598727428577 18.817298607229883 88.12695696037282 0.3224498840854866 0
2 52 4.8354e-005 0.00544 0.314 0.03594 0.668 21.932 0.008606 336.8274781169787 1728.138543296555 2285.5331214627804 2895.13216348405 2.209808750233529 216.58672294955883 13.42134910073412 28.972042293202556 24.864360968470038 14.538764902536206 18.321764671342535 20.24950734181672 86.0207485296681 0.4338129925640375 0
2 53 4.2918e-005 0.00443 0.448 0.05177 0.431 20.063 0.012398 308.9745126323562 1574.147543902328 2384.317658635109 2777.3031658953423 6.121351372500619 123.43125638810558 23.108090671861866 72.03603340446766 27.10579564847563 15.96101972608925 17.562676620853924 21.10860662238887 84.61256505053729 0.48750066331650665 0
2 54 2.6171e-005 0.00385 0.326 0.03678 1.946 22.934 0.005451 298.9923625426971 1163.0564087931086 2776.9281091325092 3163.2918420666565 3.9075950957267644 139.0561818199603 17.432363140247 23.26391280802967 28.010748932772565 21.602563564455096 15.079612562631816 18.53290904758849 85.15988643115139 0.3430427769485665 0
2 55 2.2511e-005 0.00417 0.394 0.04489 1.605 21.524 0.007637 340.74033839594824 1614.534077755924 2783.3327810494684 3049.4924554934896 10.061259735993358 102.69042137599718 123.75782517869446 57.60544949172293 24.57883337037734 15.56176506037072 15.044913164932739 19.224510588439184 86.04962858452842 0.7383427610076284 0
2 56 4.2254e-005 0.007039999999999999 0.719 0.08155 1.946 16.023 0.027279 350.0214788176736 1790.3528491344687 2664.978150693994 3295.798746557776 6.849863408319089 96.06770326203302 51.9973593063066 20.060332192792952 23.927103068902074 14.033546522489393 15.713074416424472 17.78779728623587 81.90451084442655 0.6856012066334366 0
2 57 3.7284e-005 0.00519 0.271 0.030150000000000003 2.951 25.73 0.003513 283.26354164996843 1502.7921135562476 2412.8774843953915 3314.127653110455 5.919427416765191 152.1923645599925 44.21333613869503 84.41163404412457 29.56610635882351 16.718879326924018 17.3547974444682 17.68942121012685 85.81222251760877 1.2109951415979503 0
2 58 3.0406e-005 0.00416 0.238 0.02622 3.331 24.052 0.005241 290.8204524554309 1833.7758848972217 2556.4940712141592 3082.240808779794 5.83630411012712 420.5938978082455 27.288788821228867 49.308599066587256 28.797837047872328 13.701238088540023 16.379854141461884 19.02025300327155 86.13591643992791 1.731007572885701 0
2 59 2.3795e-005 0.00297 0.551 0.06282 1.071 16.079 0.031977 336.72848203251436 2110.8401839192766 2853.004257939846 3274.316302238482 9.4587430379708 86.0525056649098 64.87008364816718 71.15496272694652 24.87167093632226 11.902843328171565 14.67751051666426 17.904501150338195 84.43785032356234 0.6845340651492804 0
2 60 2.0524e-005 0.00243 0.245 0.02815 0.676 24.051 0.004603 274.74370622272124 2377.7702989226873 2558.253249717611 3283.438936259836 3.435691580311691 27.05473498190123 95.00489418024202 35.68790529217478 30.482954878721767 10.566622020379159 16.368590562573235 17.8547556808776 85.46977921110386 0.8895664078088179 0
2 61 9.929e-006 0.0024 0.157 0.01814 4.376 27.118 0.002009 271.4903081343967 1266.274207656429 2711.443086403637 3185.839745234635 6.448427822677063 71.49251065819489 61.66184768595701 50.33828443191412 30.84824669267419 19.841673981893994 15.443805628810571 18.401741671937835 88.62798399214279 0.5382294604900192 0
2 62 3.1112e-005 0.00582 0.528 0.05552 2.739 23.322 0.007062 356.7804610313969 618.2829128899924 2693.073045705875 3344.3666182019447 13.136547239521914 140.31110721834764 249.55701518445528 34.269561743177974 23.4738190981344 40.63673680153983 15.549151207305721 17.529477683735216 85.8272191127294 1.5431329390263493 0
2 63 6.0439e-005 0.006500000000000001 0.751 0.08252000000000001 0.938 17.094 0.025078 265.04731870350184 1399.8717605670768 2170.4722155792624 2869.1515326884614 11.676537008512062 56.919713741081054 49.97971467078777 41.72251250760471 31.598131386376284 17.948072607609475 19.29303664862822 20.43286990320341 86.03093664187688 1.5888116369798393 0
2 64 2.7082e-005 0.005220000000000001 0.485 0.05519 2.196 18.476 0.01523 359.71486891010346 1427.0699795082623 2564.4257960902855 2908.9042023032434 10.116103177464788 152.84653345741583 90.5664896920433 42.80203823976961 23.28232921084227 17.60600416291956 16.329191534355363 20.153637219672365 85.6913742178849 0.45370105325370086 0
2 65 1.8525e-005 0.00314 0.21 0.02401 0.973 26.085 0.002819 330.99633050786287 1305.571365584185 2598.2421662870374 3125.154472799768 1.6107626281213716 214.7557013857999 45.03394545244891 81.01187602361114 25.302395307977743 19.24444780447347 16.116665545398554 18.759072714725345 85.75639080885256 1.0226279100280564 0
2 66 3.733e-005 0.00861 0.979 0.11197 4.413 11.387 0.08566 419.7301501312097 1757.9169490827949 2536.7635265201707 3023.523035952762 18.538273424963652 139.50832166412482 166.682701379223 43.688831037481556 19.953296177036446 14.292484075035023 16.50725405116591 19.389632327218667 81.49008422434469 1.167533855737258 0
3 11 3.182e-005 0.006520000000000001 0.434 0.046130000000000004 3.536 21.425 0.008405 384.73740983615386 876.4084624127762 1984.04007496859 3013.8612524202376 18.808296603354005 53.41386672490057 80.90185743886688 63.60443845475598 21.768093733246836 28.668139432189182 21.105924486259653 19.451791270391777 83.8689162348925 1.8766012797843943 0
3 12 3.9945e-005 0.00849 0.392 0.047220000000000005 32.752 20.332 0.013589 376.4470325384592 661.4874204364731 2126.4220235399825 3307.577859370029 22.435608697856868 8.065651575761914 126.11476324266046 31.70450821458015 22.247485771173874 37.982581714738615 19.692704240472533 17.72445048690884 84.22978896600574 1.7114562138495466 0
3 13 9.984e-006 0.00221 0.23 0.02636 2.451 28.458 0.001582 429.44182691859055 675.3349930745789 1821.060624809152 2806.662391450601 11.53113236152237 32.54121818002131 124.04450433269933 69.03774794404131 19.502059359456972 37.20375851636847 22.994841264215747 20.887799037952743 86.3483945736467 0.7066902743192036 0
3 14 1.1963e-005 0.00291 0.311 0.0359 2.281 26.527 0.002728 456.3993887930436 678.5891780846544 1512.1271868355009 3126.952209293626 26.064912761708065 179.4453887801744 135.1860310168488 50.9907021232876 18.350156037999607 37.02534731089632 27.69277635146139 18.748287813852873 87.07738135920594 0.4795809071591068 0
3 15 0.000101819 0.00833 0.578 0.0663 0.824 18.207 0.017164 281.1121423991956 765.7112237081478 2135.5265609068006 3126.905968043383 12.265708597355573 20.996422744420013 78.12817826414532 76.94084931853293 29.792380821839465 32.81263121405732 19.6087469791145 18.74856506691941 83.31213463891322 0.378443127119353 0
3 16 1.7194e-005 0.00295 0.19 0.02165 2.465 26.644 0.002393 378.3990097704757 749.4756196928626 2249.7395722814886 2947.305926505227 11.408287083936901 28.877378793591973 71.29771751524457 61.41748146323891 22.13272176658178 33.52343870811475 18.613265515676577 19.891046759952296 84.91458135305581 0.49107381104872844 0
3 17 2.1692e-005 0.00413 0.278 0.032010000000000004 5.421 24.794 0.003684 368.28341646926623 883.555769704567 2205.911415388359 3048.739162112665 10.645102136085773 27.753603505327984 96.22052460252156 108.02895475553852 22.740638392820237 28.43623556258481 18.98308323166629 19.229260649302322 84.71039899594715 1.0473835312239486 0
3 18 2.881e-005 0.00337 0.261 0.02993 1.433 25.336 0.003743 340.3895742644054 707.5761597536019 2369.8867551345525 2982.1731322108735 4.083290675179669 12.300661432144258 29.99122363723572 39.28150072612545 24.6041613292613 35.508545127847775 17.66962067249602 19.6584830594787 85.9573107898861 0.4689910755343927 0
3 19 3.0788e-005 0.00528 0.306 0.035550000000000005 1.793 24.855 0.003546 303.04499004118946 736.5410665828616 1857.675507453451 3077.9329569133265 14.242827824453132 54.59879835747867 130.44502285430514 71.56432033682442 27.636160554449955 34.11215089005959 22.54161172496876 19.046873606627052 86.69958645334597 0.5039153819725059 0
3 21 2.9079e-005 0.00293 0.165 0.01889 2.277 27.677 0.002337 392.3126436624277 698.827474440068 2607.365710343869 2934.8037652775015 8.601973114123412 5.27235712573908 79.16043627800313 87.42236762532603 21.34776978334253 35.95307986442759 16.060271036730544 19.975781922324437 83.71134912970433 0.2821847247122492 0
3 24 0.000451871 0.06519 1.656 0.19041 3.469 3.392 0.587986 266.89487454011686 494.10919499843254 1965.4188331290732 3018.0943718730396 62.245928080329854 167.9004638510888 163.0502097102482 111.21123853583725 31.379396155249722 50.849084077619125 21.305891291034545 19.42450857281084 80.2180602279504 1.6261461208363401 0
3 25 1.7597e-005 0.00338 0.505 0.057539999999999994 1.478 21.739 0.0077 385.81100830014816 775.3218207013297 1646.6809705113426 3151.1006664687084 5.115614026333837 63.141380690043974 119.15471954046845 123.03036954367316 21.707519536312784 32.40589820788583 25.42994104498371 18.60461032674602 84.53081715359065 0.7032423561638115 0
3 26 9.085e-006 0.00233 0.3 0.03359 3.214 25.896 0.002814 406.2934116741704 761.9946563500934 1430.3358368845834 2968.125824121341 16.59711097644891 11.80562267096946 159.86869019328964 92.63913282619569 20.613181900956803 32.97267217115035 29.276341206137992 19.75152115303429 85.2717819830142 1.3847669519166104 0
3 27 3.6244e-005 0.005430000000000001 0.256 0.02904 2.785 25.866 0.003905 328.6289240617096 808.2604652805171 2468.795649141105 3250.171253953326 5.1706127984029555 18.5031987970184 34.09129837520952 99.43137259215654 25.48467096714637 31.08527644152439 16.96171168098434 18.03751107843682 85.65218902669983 1.0347974371043787 0
3 29 2.018e-005 0.00346 0.265 0.03077 1.703 27.133 0.002381 352.8737661371691 721.160279795393 1746.0312959981727 2782.725302150103 6.822190496934834 8.014257263167593 68.82331220971288 143.95875651157547 23.733699707063145 34.83968918411375 23.98296072697876 21.067476532700788 85.64239955554136 1.0085299778941677 0
3 30 4.377e-005 0.00854 0.406 0.0466 1.759 22.317 0.007122 348.2627559700023 777.7269201338146 2079.7299968736934 3141.184042447895 10.446872990506968 104.22625704348839 92.22593322114042 66.74426582437026 24.04793465977563 32.305683845529 20.13482522392216 18.663344524797118 86.74924527412613 0.7090377691252742 0
3 31 1.9475e-005 0.00391 0.19 0.02168 4.289 27.01 0.002517 346.38804992173436 799.7478247803416 1593.8777653926397 2970.560754752823 19.778441502411955 24.420182868341254 196.61860012907277 133.09999999578397 24.178085825686864 31.416152969094753 26.272403636727066 19.735331083938096 86.078319367624 0.4602031501856345 0
3 34 1.1925e-005 0.0025800000000000003 0.155 0.01765 7.287 30.164 0.001144 415.476943201767 783.7559720158944 2673.727431497904 3142.3785765933158 5.039292060819127 54.964837109999465 51.882426264209045 83.71010294007358 20.15755660340668 32.05717199879974 15.661656273070566 18.656249898303454 84.48798874859564 0.4530883163463853 0
3 37 1.9753e-005 0.00371 0.277 0.03195 2.471 24.304 0.003972 353.86253513875766 716.9894944366555 2102.5250421080277 3032.5626319243947 7.72833626545012 25.156150763683808 87.10100575681243 50.85683715468609 23.667382580402215 35.04235444863933 19.916528536571153 19.33183485902084 85.34589669413862 0.28398524490034593 0
3 38 1.7516e-005 0.00308 0.158 0.01828 2.836 26.273 0.002592 378.66480081146005 726.0498855662405 2291.9255580820695 3230.7672536258974 4.808631179998041 14.638866316163359 130.46068482565278 68.36775283038678 22.11718644577681 34.605060202447675 18.270663221296708 18.14584443809904 86.32176443573161 0.2504620448546707 0
3 39 2.3963e-005 0.0032600000000000003 0.263 0.02934 1.907 26.097 0.00291 399.48516722351604 880.1080769517598 2719.1610663257657 3143.033479300187 6.115808411141518 19.078161203156913 116.5471362405829 174.54146698924362 20.964483007485736 28.547630294474782 15.399970424180536 18.652362561869104 86.31948724676307 1.0025063051149015 0
3 40 2.6987e-005 0.00337 0.303 0.035230000000000004 2.703 24.44 0.005199 346.0948138205718 654.0913475974389 1981.8393315795386 3017.0404520413554 6.968966805354947 12.888931439038917 127.30994226847122 86.93915758648468 24.198571216793518 38.41206597868529 21.129361665572233 19.431293988893593 81.22837297344155 0.6483153049877999 0
3 41 2.0039e-005 0.00349 0.201 0.023250000000000003 1.332 28.053 0.001846 361.4877731526236 908.2843994154455 2263.9875528530574 2994.594908197157 2.971386422294408 12.779334216973485 108.70162897804242 26.354951700791432 23.168141834949406 27.66204067379113 18.4961264240298 19.57693838305968 86.76129900770857 0.6095700642046533 0
3 42 8.7922e-005 0.008409999999999999 0.435 0.051840000000000004 3.219 18.764 0.017985 366.0272532709959 877.3880102756662 2176.163300239602 3026.344498096819 15.898856879013612 133.01018068719085 100.02695237158068 91.61337555957304 22.88080989914539 28.63613327939823 19.24258165524133 19.3715553655136 82.1845307086542 1.4672719272816668 0
3 43 2.9824e-005 0.004050000000000001 0.332 0.03893 1.008 23.185 0.005584 387.5572502736472 834.2212236162359 2156.72103460239 3123.4966205389587 5.984142666581604 35.34827818526304 91.36241903581507 32.51015333958999 21.609710550084056 30.117910320102542 19.416048403181648 18.769029431472305 85.1282001176513 0.9556273481979913 0
3 44 7.637e-006 0.00161 0.107 0.012430000000000002 1.776 32.171 0.000755 430.3352123904073 741.8073757190231 2036.9334143260292 3241.4437036986146 8.384379953096076 35.184398169939215 266.5377223775628 269.5087685327213 19.4615726504901 33.86997867963594 20.557863946601024 18.086076871582428 86.73513168473997 0.8840459418263754 0
3 45 3.2031e-005 0.00375 0.221 0.025310000000000003 1.043 25.165 0.003515 338.9751487360747 626.255840536546 2026.4442157374024 2981.154443611925 4.503802036642624 11.726078457594149 81.13271833478126 95.71490360531765 24.706825946467116 40.11938631737806 20.66427473048505 19.665200548607192 84.83700372120012 0.34650323167871244 0
3 46 4.2453e-005 0.0046700000000000005 0.259 0.02965 3.401 24.273 0.004635 354.1906805586096 626.7101900684191 2423.7379939512152 3024.4335554709783 28.064680255432933 28.699249280272053 81.44244210821286 141.13476657323042 23.645455568710677 40.09030074532067 17.277032461637788 19.38379498995826 83.74353576557124 0.6444398886364873 0
3 47 3.7504e-005 0.0070599999999999994 0.401 0.04504 3.916 23.37 0.005675 364.20268650366654 864.7485907431101 2142.4893612623896 3145.9545980969397 9.203026477589233 74.54560459334036 88.14196792681743 58.807449054091755 22.995437184716337 29.054687418928513 19.545021206232068 18.635043250612583 85.36054465143523 1.0785485704314994 0
3 48 1.0218e-005 0.00234 0.118 0.01361 1.636 30.477 0.000971 432.39807552334764 862.2580508406211 1545.923643077434 3024.3053678790893 6.859099952773004 58.38211994319017 225.13182316597806 23.016661212247328 19.36872635213148 29.138608767416518 27.087366305259696 19.38461658754818 84.34901741061246 0.30466572559596483 0
3 49 2.2162e-005 0.00417 0.37 0.042980000000000004 2.564 25.162 0.003723 382.1213774999636 801.1112796391226 2170.2987931284315 3115.3109354595113 5.081931614061375 40.32272284795436 97.45960073720238 64.71353544243289 21.917119776950447 31.36268410965089 19.294578300731686 18.81834629497513 86.6944625747384 0.5617351127397885 0
3 50 8.274e-006 0.00184 0.143 0.016550000000000002 5.999 32.173 0.000718 459.8613933716997 778.146818047491 2217.9782438709713 3181.264074559039 21.801162801818336 44.444705936209175 437.6485993719688 80.74736615003377 18.212009359156188 32.28825128790361 18.87980647047142 18.428209235703303 87.71434728339395 0.9556168134145063 0
3 51 2.5261e-005 0.00316 0.318 0.03631 1.814 24.151 0.004173 312.80145203908205 779.9804979414711 2047.12150472566 3011.610309256803 4.143372850998993 15.385086173621279 75.22516478861682 79.55182710112534 26.774172387644832 32.212343855147715 20.455551809374292 19.46632996301149 86.13668439576026 0.5982180067241988 0
3 52 2.9681e-005 0.00359 0.168 0.019030000000000002 2.955 28.158 0.00226 368.19613752661934 870.2539435949852 2660.753017097669 3150.0822451064096 2.9092029747424384 12.861171483076324 18.209613796885467 26.107361871696565 22.74602894060646 28.87088324611274 15.738025938866345 18.610625195920765 85.4973332465814 1.2629799641907926 0
3 53 2.1846e-005 0.0022700000000000003 0.345 0.03928 0.752 25.031 0.003652 334.7398925142207 776.8121202846463 2202.535172058181 2870.2948938080212 9.167297280599508 18.815903910858026 199.62241294227422 81.79972858361639 25.019426089599424 32.343728095789075 19.01218220314252 20.42473061791299 83.31912876293602 0.30822418265513435 0
3 54 1.7932e-005 0.0028399999999999996 0.21 0.023700000000000002 5.813 28.493 0.001755 350.25687209642496 666.1696010285978 1996.274056526522 3073.156384575492 16.974039836402454 22.63768250960802 214.41563224825057 59.51976878112317 23.91102264424488 37.71562070860904 20.9765787733883 19.076477947638878 81.5623389652569 1.6323630022927353 0
3 55 2.8792e-005 0.00559 0.451 0.04978 2.517 23.686 0.005361 394.9312826770259 809.4631462115174 2191.1412760218514 3125.9364262857803 5.549797662105731 49.86720865570512 104.60714539751697 70.38529996273121 21.206220847410208 31.03909068323994 19.111045215681656 18.754380129751354 85.32960247894863 1.0442158871172686 0
3 56 1.4505e-005 0.00247 0.242 0.0281 0.948 26.3 0.003151 387.67272794044817 764.3218711184311 2443.4392431734395 3220.3080430317523 17.194879889509764 40.58172857084042 86.6562971900828 76.76085987650835 21.603273576898385 32.8722766538587 17.137729172923674 18.204780169044827 83.82677347213785 0.45406214851940785 0
3 57 3.1427e-005 0.00481 0.21 0.02393 2.048 26.766 0.002862 325.5901933513925 753.5499439458456 1729.235801879494 3353.719810719607 13.485392756576706 65.72574492496497 171.84059855309155 78.36091532831496 25.72251920057463 33.34218282657802 24.21589927439992 17.480589705978105 85.11431317467404 0.7297926547893344 0
3 58 2.1712e-005 0.00313 0.207 0.02405 1.074 28.92 0.001605 296.65169646669335 736.24524476243 2519.530785031767 3241.3258888152786 2.55633551486956 14.934270569800107 83.10146697047219 64.46711368396946 28.231761691409393 34.12585708191199 16.620158105935595 18.086734259672895 86.21267835715685 0.6652011699572195 0
3 59 3.7556e-005 0.00484 0.644 0.07271 1.447 18.09 0.018048 377.6756852027242 788.7758980656274 2654.5686394660893 3115.4334205025016 26.64643975726338 19.70797988822258 31.36758642253631 31.720337614952978 22.175110360902817 31.85315380657024 15.774690990255305 18.817606440950396 85.11418755512975 0.3564214785763382 0
3 60 2.5709e-005 0.00321 0.356 0.03674 0.726 27.149 0.002463 304.8463262926423 739.2547740761079 2400.534887184355 3451.937628903768 9.468459868915783 8.428594145228516 25.168073800488422 33.98472529617423 27.472858544341715 33.986929650065846 17.44402892186924 16.983215313370984 86.2530576323384 1.3992460355096452 0
3 61 9.359e-006 0.0022 0.151 0.017230000000000002 4.237 29.798 0.001184 450.8848621428675 588.0379025026415 1974.2518564762167 3004.2616293737333 22.24388557197776 74.77078426188795 81.9944823750724 78.80492750860107 18.57458678075179 42.72683766313369 21.210566353343307 19.513946264467297 87.1276764480097 0.6260105333182187 0
3 62 1.4835e-005 0.0030600000000000002 0.229 0.026010000000000002 4.738 28.75 0.001652 405.7344720383329 566.5666565942664 1626.4024489448923 2949.6787859662754 10.803926808754744 72.33636285035503 167.079257588679 93.78893854471065 20.641578611562363 44.34606185798309 25.74700992805678 19.875045472381913 87.40010167418156 0.7893896893386908 0
3 63 6.1542e-005 0.00733 0.678 0.07772 0.611 14.696 0.036273 359.53679703797775 1329.3876101194005 2092.948847351999 2963.364656958242 9.286332116809431 73.33140125493313 96.68038868693228 81.2782644891224 23.29386051440891 18.899679678632907 20.007655730803116 19.783255449964052 83.78049588041124 0.3767313452386617 0
3 64 1.9377e-005 0.00375 0.562 0.06459 1.431 19.578 0.011853 396.48149300882136 811.7916736785786 2103.3568532237477 3036.8190939072233 11.698051608400286 17.561788085361677 91.87417315793827 89.36344347661635 21.1233062518095 30.950058758483905 19.90865217940528 19.30473900062716 85.42968317153907 0.3407450610913003 0
3 65 6.836e-005 0.01145 0.548 0.06279 1.16 19.42 0.01723 365.47762996129165 746.2828830395682 2659.4651386083297 3322.119325360489 6.193559551541022 13.686662021461311 21.657749802015044 56.97977045267669 22.915219191081572 33.66685819949037 15.745647270229965 17.646867634304044 85.3454068731424 0.7495420856160596 0
3 66 5.2372e-005 0.00585 0.917 0.10451 0.428 14.014 0.043798 447.7116964385844 959.8181818456192 2317.955454026803 3044.3037824183184 7.259431578973887 134.18164017184873 112.2851487054659 47.25282270720572 18.70623454026481 26.17683273272396 18.06548953615732 19.257276602478147 85.1527878742979 0.30456962490682493 0
4 11 2.1444e-005 0.00396 0.284 0.03243 0.937 22.565 0.005974 374.02470048524617 1585.1005581858483 2546.1034583464675 2935.939178415392 3.2583711659118597 116.9815483924342 35.62677238729078 33.965793567804894 22.39156929778856 15.850729387639374 16.44670009882283 19.96805670601172 86.07080429790256 0.4048668294837107 0
4 12 2.043e-005 0.0046 0.274 0.03167 0.843 25.469 0.003052 354.0239895330706 1088.7478542813444 2459.9577125794253 2860.132279056484 10.782396236884578 76.33711623891767 63.724973811538646 49.65175898288703 23.656588953324764 23.076968557227964 17.022650343079004 20.497303718882378 87.89473546648424 0.24559904765738366 0
4 13 1.0822e-005 0.00217 0.296 0.033780000000000004 1.345 25.836 0.003252 457.22299011951895 942.9371668974568 2357.126074047392 3047.2726641784266 23.6927094484405 214.973068450891 11.751761181877322 37.0513000533042 18.317101679009532 26.645465765941445 17.765278005727097 19.238514718145794 86.56735639222711 0.29162495791012105 0
4 14 2.1705e-005 0.005220000000000001 0.178 0.020499999999999997 1.513 21.554 0.008057 459.9153952636824 1128.0871077286963 2796.3330952257206 3166.7545396043133 5.053168095333961 104.0896780943458 65.83937904788533 58.588242435621595 18.209870959414996 22.27221623921132 14.974968494094886 18.51264418091754 87.1098961740743 0.3978616893616056 0
4 15 3.4343e-005 0.00338 0.245 0.028159999999999998 1.5 24.03 0.00471 385.6894472567954 1884.845577672692 2133.022537637415 2806.3223265345227 3.8924238596967826 168.83648223236995 60.76391868976573 108.8313641337859 21.714361280991575 13.330004482925878 19.631766313346933 20.890330182561375 85.06789827460601 0.3919362718552134 0
4 16 3.5434e-005 0.00615 0.281 0.0323 3.242 19.309 0.013394 487.0079999798347 952.8722461276419 2469.067661589861 2918.9684047554997 15.56315257981343 164.26312836590284 25.861211228443747 52.452511408303494 17.196842763048615 26.367648026380216 16.959843041739976 20.08415024448015 83.07318136846232 0.6030403545158521 0
4 17 1.8149e-005 0.00347 0.194 0.02197 3.227 23.894 0.004884 562.8011381433994 1420.2600855787744 2413.9101786954025 2933.936937374472 6.962200436840482 54.220302385345256 28.417711460352514 65.57165022221146 14.8809222874494 17.690421814368765 17.347372892984502 19.98168374145849 85.43594665435863 0.5112199478184806 0
4 18 3.764e-005 0.00434 0.241 0.02781 2.228 19.711 0.015633 430.3589408962117 1987.005412757695 2518.2477616829046 3105.778905104151 10.993246053802972 14.398346260939771 32.03210898603921 55.228396437204104 19.460499606582523 12.644656043050178 16.62862591884748 18.87610219248174 83.9404732416231 0.6721549625625733 0
4 19 5.5872e-005 0.009340000000000001 0.802 0.09244999999999999 0.796 15.848 0.028659 362.67618919126636 721.4023377653217 2411.2524574726845 2959.1052451852865 39.84315766149838 435.65787711358394 123.06934847132193 191.6027541484194 23.092224550708604 34.82799914099166 17.36649344626925 19.81173197384169 85.72144579510797 0.3545269699908553 0
4 21 4.9716e-005 0.00487 0.222 0.02564 3.017 21.564 0.010611 462.44360186497244 1668.652396314591 2343.2511657727414 3204.5046104830258 7.1279280970751 53.065689073449875 46.50252682678 97.96722439311347 18.110316514759333 15.05706044919327 17.870470144923942 18.294559417458057 82.7563431227642 0.6220292598417894 0
4 24 2.0157e-005 0.00314 0.174 0.02018 5.755 27.396 0.001957 369.3000341120149 1766.8311865872172 2918.89822915294 3515.4214990124283 103.83634154864819 1054.550384998316 268.8166097641394 305.2137040672913 22.67803743949756 14.220373848240163 14.346166502746504 16.676520871386053 80.68022546751809 2.382090897831285 0
4 25 1.1611e-005 0.00215 0.375 0.04299000000000001 2.779 22.39 0.006404 398.3434783237237 1365.1697770753003 2753.83904081466 3184.389815044214 10.427126692805368 70.72941763418932 39.41636954369831 54.75789071440281 21.02456913627151 18.404304301130267 15.20604486296056 18.410120432817052 86.09556557365947 1.1960995682648345 0
4 26 8.641e-006 0.00199 0.221 0.025470000000000003 1.479 28.235 0.001669 465.90528073637114 1008.4849872355112 2123.2805273215763 2817.3673070871005 5.951341659910355 34.7254378701447 49.57856947543239 38.3466103969964 17.975756760608448 24.913608351149968 19.721840548701987 20.808433409633363 88.13234366670014 0.5285234658155602 0
4 27 3.0838e-005 0.00445 0.233 0.026629999999999997 3.108 22.25 0.006681 385.61455478857505 1566.2429488175794 2035.102264511255 2511.2727340730435 8.014711874375994 155.61337237620802 28.51018425450943 39.976860802575686 21.718578554670607 16.041572617433257 20.57636155697394 23.344736397832772 84.41973059397174 0.4566070542585211 0
4 29 1.1907e-005 0.00209 0.226 0.02573 0.978 25.625 0.003644 387.92849699378263 1325.0870452311212 2594.0093670490055 3025.7577712967923 2.7471447504152136 81.46608910286732 17.71620445322706 41.64615826239133 21.589030104520077 18.96101851604602 16.142964066331725 19.375311717327012 87.25833299022133 0.32028943672309124 0
4 30 1.9634e-005 0.00381 0.388 0.04364 2.071 19.459 0.013213 472.71658244570597 1058.5918142413977 2594.9843450872327 3062.2001773283832 38.1618229604548 211.40285469003575 32.91267506456036 33.12866632320622 17.716746801371016 23.734360744140968 16.136898890845654 19.144731436580148 84.0094232580546 1.0788807519283787 0
4 31 1.99e-005 0.00384 0.288 0.03314 5.357 23.902 0.004558 378.0282246196403 700.1242565561989 2588.2467137844496 3414.6341127046767 35.05169176635751 109.94915618416478 94.62165401864424 47.53305636088383 22.15443042229625 35.88648695530979 16.178905889064858 17.168750169125467 87.15408386850854 0.29919775976926766 0
4 34 1.0567e-005 0.00223 0.33 0.03764 5.077 20.211 0.011684 534.6062969955661 1987.178880373645 2401.7017654303427 2933.4701907027156 10.033667940720223 116.36196522960738 23.561825714263374 24.053945269449592 15.665733918711137 12.643552247936432 17.435553657302965 19.984863042346554 83.27458401111129 0.5945067192931099 0
4 37 1.9121e-005 0.00345 0.307 0.03496 2.372 22.763 0.005789 386.9935661419879 1401.188774123078 2286.351483622845 2766.347523980786 9.612557117875985 56.69944429672884 30.145476177033505 32.24568258964911 21.641186657163217 17.93120275012499 18.315206695012108 21.192203615704212 86.41733343260202 0.9131100444564797 0
4 38 1.9386e-005 0.0032900000000000004 0.405 0.04607 2.921 19.098 0.01454 553.8196585812116 1050.6114290515497 2371.435729491338 3030.924434685594 8.678329754207143 121.03654033151939 25.591890283042762 200.8219227717879 15.12225120620542 23.914645610396462 17.65807922991107 19.34228360466576 85.27856113384291 0.37483730741659577 0
4 39 3.6966e-005 0.00468 0.346 0.03926 1.721 20.752 0.009316 438.50096300721987 1735.1943960835229 2201.6616868382243 3121.151708735621 5.075681388391135 180.94132222451782 47.35971243561559 141.18021620980613 19.0991598799798 14.479645656249929 19.019725078713662 18.78313054630369 81.85832867715828 0.7054894079991911 0
4 40 3.0714e-005 0.0035399999999999997 0.256 0.029140000000000003 1.217 22.656 0.00608 431.45415722866574 1262.5828002686246 2465.2213810204726 3186.030536276481 6.380653070727164 80.4854797563113 21.709896204635577 78.10775852388916 19.41110048352448 19.89968499068295 16.986304078973202 18.400639709032774 80.74772790332855 0.7063321578432895 0
4 41 5.4684e-005 0.009260000000000001 0.241 0.027610000000000003 2.454 20.347 0.014331 412.0434935882329 1102.1558075918283 2562.6874688734706 3115.481826702574 15.34791305171064 94.34270716087542 52.60915546928793 15.14421712453015 20.32552419907735 22.796232462719804 16.34026798375371 18.817314066007153 85.9178353226672 0.5066015983729657 0
4 42 6.0797e-005 0.00585 0.449 0.05162 1.138 17.511 0.022107 382.7433259949428 1839.370132484151 2200.7699018709236 2963.78960718169 7.813711252893263 52.74356856315076 100.28787913861561 181.3854478884498 21.88150499614632 13.65956723787157 19.027432156538094 19.780418912983286 82.4852993897798 0.7089102923556104 0
4 43 3.5795e-005 0.00513 0.304 0.03493 1.437 18.897 0.022978 436.11727010167453 1321.1458307686325 2822.3301762690403 3175.391911525765 7.46910102819768 155.63742778720828 32.16088123916186 39.26164876936056 19.203550453407836 19.01758262778793 14.837030887490409 18.46228800520906 83.8983463471009 0.555231790539381 0
4 44 8.82e-006 0.0017499999999999998 0.322 0.03691 6.855 19.22 0.01274 457.85790452826365 2117.90699282806 2517.8378172389207 3086.100048487569 22.523151620830003 59.86875361866713 22.66201783211237 22.36507028099999 18.291701239992484 11.863127174650083 16.631333326274536 18.996467735623426 84.32051299486155 0.9770930232011214 0
4 45 2.7246e-005 0.0032300000000000002 0.396 0.04507 1.518 20.149 0.011201 449.6782591993757 1781.9859366658843 2317.1421220226007 2710.4491819408013 3.0145885586603343 182.9340572234619 28.28083504745739 51.84326394690544 18.62442719581589 14.099437870429638 18.071830640861986 21.62925628364739 83.5875761909553 0.3072965945856381 0
4 46 4.8011e-005 0.00511 0.349 0.03853 0.826 22.635 0.008039 428.08892410310756 1191.2670586334818 2424.812499720474 3130.9584220891934 9.458411097268156 145.4033062232407 52.24660490002785 121.25552424232981 19.563692327584807 21.09098863929069 17.269376500173617 18.72429847244069 83.46275916589605 0.9585461539484393 0
4 47 3.2233e-005 0.00623 0.387 0.04431 3.088 19.109 0.01543 423.45931037843906 1340.0456389077747 2451.381275396707 3028.3170261577493 32.50859492275019 194.65041907160736 119.15240169421894 82.27614638304735 19.777579084317196 18.749361417629423 17.08220602820072 19.358937486932103 84.76946255347585 0.8256549051583018 0
4 48 1.7184e-005 0.0034100000000000003 0.161 0.01853 3.321 22.2 0.007209 396.22469311701195 1687.0099153836861 2606.496216774315 3057.809294529397 5.957386151951601 90.23359205681146 29.422503684803818 48.55471996871966 21.13699662208261 14.893214183797895 16.065628536312495 19.172222448562643 85.95650195384431 0.38962143284980594 0
4 49 1.5653e-005 0.00298 0.293 0.03345 1.462 21.822 0.007655 504.8443992800993 1357.0969155512394 2682.5093780677284 3066.934535994921 17.1255429082639 178.2176050924815 51.31080784478915 24.587087325712112 16.58926990562365 18.51378461780268 15.610383450052838 19.115178140240904 84.32901699521534 0.5143679412852418 0
4 50 9.228e-006 0.00209 0.255 0.029089999999999998 2.507 21.328 0.008419 505.3212784204517 1866.1785638520842 2456.334215385307 2952.567504764875 6.707434630864015 106.26096978395506 67.3222093326878 51.31075401010413 16.573614367039568 13.46334187235442 17.04776155366601 19.85560022095703 83.67786184400285 0.5930051105847776 0
4 51 2.9972e-005 0.00359 0.247 0.0285 1.337 23.59 0.00491 389.3543020826171 1170.7611165577064 2294.9861232328153 3076.5835523439355 16.36992332012936 264.5770882375683 71.21341468826513 95.34459823644809 21.50997165102059 21.460398406357218 18.246297690468424 19.05522765839913 84.65718329483227 0.7356844137632591 0
4 52 2.5243e-005 0.0028100000000000004 0.227 0.024550000000000002 1.648 24.168 0.005181 439.7728957788569 1966.2355217289276 2634.048052450039 2987.06846527003 3.5505054697868794 16.773881631494824 38.39336134270833 107.07852230237452 19.043920351588543 12.778225051039346 15.897583933994788 19.62626591309159 84.38647355766042 0.9490799128864812 0
4 53 3.3257e-005 0.0034300000000000003 0.426 0.04848 1.285 19.737 0.012803 397.12864737269865 1788.2242494765405 2199.770375528451 2772.0697667175773 4.3054444529566105 152.23278001994765 28.49985963384317 61.76199836714464 21.08888405660698 14.050251251963918 19.036077795138215 21.148457626814412 86.51734791110799 0.4026197431323914 0
4 54 2.1695e-005 0.0032 0.311 0.035710000000000006 1.558 21.699 0.007164 370.96583667835415 1802.7001589634647 2594.6909136448576 3005.3007994994136 8.031249981185608 104.66389116003306 25.567031951204687 23.735272914740516 22.576202905879825 13.937425963531636 16.13872379935098 19.507198750209973 80.03375709607197 0.8113792117824401 0
4 55 1.3775e-005 0.00269 0.293 0.03338 1.272 22.78 0.006149 391.46195096026656 1583.2225092018534 2575.959851579617 3087.32069570698 4.345310249409818 82.38643859267911 42.99751262520314 33.525859683473485 21.394160989224886 15.869531827630604 16.25607634153212 18.98895702073321 86.29208361426433 0.5031107573104069 0
4 56 1.8531e-005 0.0028499999999999997 0.447 0.05092 1.286 16.885 0.022133 404.0887270707706 1941.4521678959811 2461.5826290010696 3165.2376258783597 10.651585436628332 64.42961694514926 57.11604976775232 83.73697810646618 20.725646223071287 12.941343812363316 17.011413513668327 18.52151621119803 84.0289925295958 0.4841196585847302 0
4 57 3.4722e-005 0.00477 0.152 0.01764 1.785 26.266 0.003064 379.6736140549225 1623.918443277263 2202.9948243173917 3234.174847842325 9.697382891945019 79.62305565126457 63.90437759565735 89.91462354353641 22.058419890059824 15.471836103600577 19.008215333858157 18.126725597136957 84.81123099756162 0.9558130809506719 0
4 58 3.3698e-005 0.0046700000000000005 0.189 0.02158 1.266 22.146 0.008931 362.06015759019334 2103.8584657648125 2499.8700189659703 3324.8606262588673 17.48624263361471 88.9279992078627 53.76084388683067 147.20898720602 23.13151509335487 11.942343274915286 16.750870918209138 17.632318039738358 84.2184700898463 1.1261335515889894 0
4 59 2.7296e-005 0.0035299999999999997 0.486 0.05611 0.707 14.152 0.045136 494.8266608590288 2129.3591575656515 2588.502720600901 2996.8703060027838 8.001467849107218 111.83642204263191 105.87212009430962 120.8460728849726 16.925118758679726 11.79932465161193 16.177305770912632 19.562074435644778 82.60151612493915 0.6949813049598498 0
4 60 1.8175e-005 0.00234 0.236 0.02757 1.611 23.089 0.005452 472.04664587910236 2045.7775233459029 2360.1982977574717 3313.7606101168185 11.631379168970414 18.779901543292997 49.35664168868295 73.35391662648428 17.74189070743859 12.281394097490937 17.742153292707346 17.69138054843778 84.01205937570182 0.803268637247855 0
4 61 2.0524e-005 0.00458 0.263 0.03033 1.971 19.369 0.011911 386.67357311356426 1312.1611957921473 2428.4356225951296 2947.0915941786425 19.80091647325445 85.33548224145848 53.02482594166795 44.363672261527455 21.659095894666432 19.14779988965618 17.24361132342911 19.892493370684953 86.49684020601097 0.4437882826509191 0
4 62 1.3945e-005 0.0025700000000000002 0.343 0.03764 2.647 26.565 0.002577 360.15822901694725 640.3224534109154 2696.2200248236377 3055.9865490801035 9.385292200186855 46.54310740017481 64.73116178140427 93.2409955648433 23.2536683192262 39.238043061214476 15.53100251999615 19.18365773489644 81.75727155381843 2.1648335015464135 0
4 63 3.2076e-005 0.0035099999999999997 0.39 0.04553 0.77 14.386 0.040788 384.9944954458135 1858.5385929964532 2091.314456174347 2630.5458462783595 12.674286982947555 83.19981485589103 85.64327485588034 113.0241241683786 21.753557775681884 13.518686184230315 20.023291990532197 22.286249100330796 82.52565971011818 0.8454741836026404 0
4 64 1.2121e-005 0.00232 0.417 0.047580000000000004 1.289 20.947 0.009466 563.774922780515 1191.7096117168376 2342.596570561951 2878.313690401128 4.989843631611816 93.58842063047345 34.037123807320214 44.22376955902713 14.855219098243747 21.083156293254735 17.875463716723047 20.367828633657332 84.97446425991507 0.7240000421072629 0
4 65 1.1212e-005 0.0017499999999999998 0.288 0.03261 0.77 20.435 0.010003 477.0830701652583 1886.2847765780296 2486.4730647540678 2883.640062844783 5.251383327315212 20.93280148329059 15.064535331760416 174.40461115179951 17.554594836280728 13.319833946590014 16.84112351490193 20.330207211147208 83.52225921656989 0.7551678842475103 0
4 66 2.615e-005 0.00588 0.567 0.06408 2.479 15.049 0.069539 509.91395476977385 1728.0047279372686 2456.8811328141505 2946.9904011730628 10.048250528163571 112.75518913840155 28.20294286266538 34.60657767051861 16.4243396786058 14.539890773326697 17.043966613083846 19.893176434054233 79.58626656528179 1.0466635661570498 0
5 11 3.1085e-005 0.0059099999999999995 0.482 0.054169999999999996 1.958 21.336 0.008307 404.15608593078537 918.4401717242337 2030.8983147407534 3010.7158472241535 8.525371930103884 79.25739697012428 82.57937403420674 62.473800795102115 20.722191973707602 27.35616404150918 20.618954526704304 19.472113269690194 83.03432008458857 1.119231226463118 0
5 12 1.329e-005 0.00297 0.265 0.030600000000000002 2.279 28.85 0.002054 425.51173278353036 769.175209730603 1515.2606960568628 3155.6922634084704 4.620935772188327 42.018198813202496 167.37929711282058 25.56949336358654 19.68218348578556 32.66485929623215 27.635508601899726 18.57754023729773 84.49300201560536 0.3764102287250708 0
5 13 1.4649e-005 0.0027 0.209 0.023620000000000002 0.825 28.489 0.00412 382.2168463460118 746.6885976928849 1709.6466024811211 2974.889637670046 2.5251251249617566 6.053518504479339 109.56554049442933 101.85990245864541 21.91164539204615 33.64856524879463 24.493366020339522 19.70661340093124 87.66422289684391 0.5133925329401767 0
5 14 2.206e-005 0.00551 0.781 0.08532000000000001 2.679 19.407 0.028187 483.44694818356464 859.7551834786882 1462.7461890743775 3234.115408770086 15.548959952299041 27.26063165727534 102.02657580506202 48.84053009049207 17.323514051473577 29.22343532532224 28.62765961229296 18.127058744107934 83.80605560522739 0.6872127316726594 0
5 15 3.2583e-005 0.00322 0.592 0.06801 0.63 17.873 0.019692 391.7020523990711 783.6516849761531 2237.1313396228124 3272.784916526345 4.91854708805865 7.458663903827877 42.178418788339926 20.41036865343992 21.381047019553122 32.06143811298583 18.718167886852928 17.912878938046184 86.37493142267891 0.534057371747288 0
5 16 1.4125e-005 0.00253 0.201 0.023170000000000003 1.842 26.347 0.002588 431.3480409062454 713.5717108661594 2192.915236067185 3181.6139162778286 13.266541816591536 8.317202706113173 65.85175965114611 61.36130122997033 19.415875825944294 35.21019628076673 19.095585324629056 18.426182919323352 84.44009968046308 0.3610479582052531 0
5 17 1.6699e-005 0.00317 0.237 0.026869999999999998 2.816 24.344 0.005261 582.4214007831592 1016.4174106306759 2026.8585663944464 2741.078411758784 8.10637308577194 39.92554762370255 185.48810889852072 59.32732345244743 14.37962270743909 24.71917515109291 20.660050333206485 21.387567662606152 85.70379596132736 0.39796310171756266 0
5 18 3.3078e-005 0.00392 0.181 0.02059 0.702 25.84 0.003341 455.35986762298285 877.998866518067 2390.885372814243 3091.9517887950133 3.719233131395844 9.579720488044632 44.0601183473806 28.204597143970773 18.392046808424755 28.61621006373246 17.514432300328195 18.960515559282758 85.82515255149014 0.29533199925017933 0
5 19 2.2842e-005 0.0040100000000000005 0.245 0.02827 1.859 25.247 0.003262 328.420937364431 839.9879235927662 1922.012829934155 3238.9228193806553 11.40478038777497 21.56728229519119 130.96248013703118 47.77769808716897 25.50081023216469 29.911144308523216 21.78705539724965 18.100153436570693 85.91508586811503 0.6075477448222977 0
5 21 5.3635e-005 0.00508 0.14 0.01606 3.194 24.864 0.004805 464.26196712903896 738.8128982320063 2746.732435298286 3006.563595097249 8.10615011365189 13.284615211037007 24.502612100775558 56.359592175269945 18.03938421187152 34.007256857757376 15.245387378058364 19.499005474422283 82.73902041281035 0.35398220273659425 0
5 24 2.829e-005 0.00434 0.203 0.023119999999999998 3.673 25.234 0.003394 376.4332363537018 775.0066711938691 1923.5987298335592 3234.5982190578907 13.647847863893263 78.56994554046396 994.3553119814735 285.95289760908497 22.248301136010042 32.419075775561865 21.76909318484696 18.124353019978823 84.0577592752129 0.6628560409149864 0
5 25 1.5268e-005 0.0027600000000000003 0.346 0.039740000000000004 0.876 23.705 0.005107 516.2461217119798 842.7522603096334 1284.9779588973151 2998.277081732772 13.962565685993777 77.93314166677159 150.83565332312148 40.907207079675864 16.222882163698884 29.813031875783864 32.588107609203206 19.552896013906523 85.40593184888633 0.8468085262351535 0
5 26 7.908e-006 0.00185 0.192 0.022189999999999998 1.5 29.571 0.001173 459.904369208521 932.8879793451221 1068.7781609196338 2965.1786821509213 4.633945911299226 6.5655666636924295 60.298020438663954 74.43760619919328 18.210307535049246 26.932494100350073 39.18025417357753 19.771152528816174 85.44616997013037 0.5502077392210765 0
5 27 1.9725e-005 0.0028599999999999997 0.175 0.01978 0.972 27.258 0.002271 413.2492407677043 861.0079428677796 2463.5335976739084 3221.4717768305263 2.9824521676956954 11.410795152800665 50.953310570706606 51.572975377093904 20.266219931684656 29.180915470205267 16.997941509520622 18.19820382150879 85.72616078452755 0.7533007058816816 0
5 29 1.8578e-005 0.00316 0.318 0.03651 0.765 23.501 0.007241 388.5377738637819 673.3706532610825 1707.3280841126207 2818.3523498850136 5.833582210397999 6.765722651695481 64.7819611619153 57.228893617706575 21.555175747046423 37.31228837835678 24.52662753554155 20.801160650616254 87.56217418667326 0.2516455184799056 0
5 30 3.6623e-005 0.0067800000000000004 0.399 0.04517 2.083 21.363 0.008675 404.33087306510043 922.9168650559979 2270.391230223667 3164.300042284095 10.80740364533603 20.984848097398498 142.1411175336668 45.29308215773569 20.713234031603516 27.223470446035833 18.443957782498433 18.527004145182946 85.6001236569159 0.5628240694449603 0
5 31 1.4578e-005 0.00292 0.149 0.017070000000000002 1.111 26.92 0.002329 436.74132562952866 791.0502398631293 1383.143332722998 3283.4905784146445 26.475603040956177 12.105164533184794 185.6236566128442 146.1505978674969 19.176110682743587 31.761573075747034 30.275242637045128 17.854474864461373 84.95389890774783 0.5504882876078245 0
5 34 1.2186e-005 0.0026200000000000004 0.162 0.01879 8.849 27.943 0.00184 463.9374027204294 857.8355250996133 2735.9356179412885 3112.8779792316473 13.544768718916798 11.961578498240401 44.33919940997101 107.99241536774714 18.05200432405492 29.28883132589134 15.30555022033366 18.833054296098823 82.30375875426378 0.7565224045563147 0
5 37 2.081e-005 0.0036 0.303 0.03485 1.797 21.841 0.007839 463.67918403727225 864.4881567802069 1898.3641709628916 3090.0260754337537 11.987703673844704 5.297838228360816 121.44751764731886 21.807107531188432 18.062057319628966 29.063440375607072 22.05846519888757 18.97233180848504 85.27911161445783 0.3695990444124769 0
5 38 1.6621e-005 0.0027500000000000003 0.312 0.03615 2.297 22.108 0.007965 639.0516366131083 902.5770727464991 1902.274793458192 3385.9893395324298 17.46462556442293 41.21923854779129 445.84992095153666 288.8014933986144 13.105357251546097 27.836957927089617 22.01311826451446 17.31399426322338 85.343227340027 0.48885782273267436 0
5 39 2.5352e-005 0.00337 0.29 0.03354 2.183 23.563 0.005476 456.77640032368396 927.8410998141231 2283.321537241216 3466.8757967158695 9.74364759551631 9.621259121473253 112.10052903069011 57.07625053054518 18.335010289641172 27.078990147163516 18.33951080345642 16.910037577791154 83.6377102410712 0.6548140519166269 0
5 40 2.1444e-005 0.0025900000000000003 0.241 0.027970000000000002 0.711 24.28 0.00413 401.5774206103624 797.7750288474678 2473.5507358055156 3009.7689286971104 9.319065339923291 10.873264206317847 65.63743556688976 117.12485972320856 20.855256222500596 31.493841109940064 16.929104947735524 19.478239489095262 83.62068250757307 0.45107415707946474 0
5 41 1.585e-005 0.0027700000000000003 0.279 0.03238 1.538 25.562 0.005511 460.2000022150321 1048.7532089889032 2147.2066816308084 3004.8029520066243 6.381652407013006 7.627225845173041 117.0324418408392 16.07802586862349 18.19860921271077 23.95701847169828 19.50208163854811 19.51043077911312 87.60112947145295 0.42920049964841506 0
5 42 9.1854e-005 0.008870000000000001 0.53 0.0625 2.587 18.987 0.025766 401.81315628987426 971.193656074537 2294.9928533163456 3179.3345101476125 11.103318261092992 105.09747582639272 66.580962588158 103.44835364475935 20.843020864050914 25.87022664620012 18.246244183065382 18.43939346831363 83.0903088529952 1.5664577012020664 0
5 43 2.6244e-005 0.0034100000000000003 0.175 0.020110000000000003 1.547 26.336 0.002842 450.8268794518515 806.9326682384424 1949.4437316539831 3139.244034323272 7.392085453593201 14.153724590696521 197.65798774724723 32.320889760104905 18.576975734417037 31.13642685312098 21.480486622956608 18.674878206032112 84.88922183215803 0.5451326214006882 0
5 44 7.576e-006 0.00152 0.168 0.019370000000000002 1.639 29.329 0.001272 459.2375285543085 830.2894736977112 2280.6064479495885 3141.4755003003465 8.989112150080429 9.742705158262538 112.74527015540286 108.35450260406638 18.23675000247631 30.260530569062013 18.361344210724436 18.661612988672058 86.8380752822749 0.23024151627598094 0
5 45 3.9124e-005 0.0046300000000000004 0.252 0.02905 0.812 22.707 0.00973 450.25189703840954 758.0134039774285 2105.1526114515073 3017.5657091762837 4.49622910489398 15.836490974968942 70.1905889037039 144.95495008030326 18.600698975590447 33.145851865105215 19.89166950282388 19.427911651343322 85.41301489952033 0.41102731355911387 0
5 46 6.1536e-005 0.006560000000000001 0.37 0.042530000000000005 2.394 23.599 0.006063 402.1285870672676 741.2042003436859 2395.8305757847274 3129.0003178858947 10.57635144717532 13.49946202768214 59.90304296257051 84.12357693217948 20.82667154076027 33.89754130960118 17.4782809866613 18.73601599363528 81.50997434562069 2.3091372966077595 0
5 47 3.4181e-005 0.00661 0.5 0.057530000000000005 2.724 19.084 0.018446 418.62905352585835 744.8538583629396 2089.5664673843767 3167.43626267408 35.84882685260761 67.72911604909817 108.36047614207342 76.02812581191391 20.005778216926082 33.7314490861609 20.040042110944288 18.50865972927467 84.51804078795516 0.8297783463261371 0
5 48 9.907e-006 0.002 0.246 0.028690000000000004 3.868 26.524 0.002685 482.26947026089624 851.883605724588 2806.677181816464 3070.4173202372413 15.930402482924864 31.602807847855754 156.24165721855763 50.45727496159269 17.36581002208024 29.49346581054273 14.919777832411336 19.093495732192597 85.20972134201426 0.4327291183586302 0
5 49 8.21e-006 0.0015300000000000001 0.142 0.01623 0.945 30.039 0.001115 513.6788558556931 741.7056384533863 2005.0213599240972 3306.5732965694247 10.877654608228694 10.763034962066978 136.41155934079953 71.05697128139745 16.303960936933667 33.874624510595545 20.88506428758706 17.729835313441725 84.95714614891134 0.3984120501264594 0
5 50 7.153e-006 0.0016 0.144 0.01656 1.942 29.102 0.001615 470.6467047459945 911.0768344172245 2809.31160833204 3292.5240749656723 2.4275053345748443 6.771633766935401 56.54837325642117 64.93830455336934 17.79466405596092 27.577256989605438 14.905786839667194 17.80548863583062 85.33022690694929 0.23714846681650856 0
5 51 2.2977e-005 0.0028199999999999996 0.206 0.02373 0.647 24.849 0.003601 443.9503385355663 810.8758322928185 2214.9594239965704 3001.3104342571974 8.060870757968646 14.438200345540697 139.52925931847963 71.84477559899914 18.864722634576957 30.985015213681958 18.9055381991796 19.533134370523477 85.4939081096471 0.4868177882912867 0
5 52 2.8065e-005 0.0032500000000000003 0.243 0.028220000000000002 1.114 23.219 0.007242 525.1696208224797 988.8098656246782 2850.38096273516 3367.5154239291055 8.345037897805911 10.1660520212976 8.965843234563064 39.22950777020488 15.947228605652642 25.409333860283994 14.691018690995504 17.40897742692394 83.90797073495074 0.32254801399778854 0
5 53 2.695e-005 0.0027700000000000003 0.259 0.030070000000000003 0.476 23.674 0.004959 451.09846239441396 845.0258220988853 2603.774965922392 2857.59702321702 6.83021370311754 9.451329955345408 135.8499485055851 125.14830440201601 18.565791502692804 29.73281921444036 16.082419006269888 20.51548889633195 79.386804193374 0.3488309519852668 0
5 54 2.7723e-005 0.0042 0.209 0.026010000000000002 4.979 26.462 0.003461 435.1157826280949 798.0507273908681 2054.456797949091 2728.4623149929757 15.443644926705154 11.882845563769457 142.12216973506645 44.90821758889981 19.247750447972916 31.48296109213909 20.38251670310258 21.486461322135185 80.50102228938833 2.3599413979203456 0
5 55 1.4665e-005 0.0028100000000000004 0.276 0.03157 2.007 25.383 0.003117 436.6395432187564 798.9703743402655 2264.762466586728 3175.6991592263066 12.954135654720666 30.56615116170192 71.75979672805775 63.24736539599338 19.180580710263627 31.44672294106836 18.489797768112393 18.460501785780856 82.89700820337502 0.8951402009321825 0
5 56 1.4758e-005 0.0023799999999999997 0.284 0.032639999999999995 1.881 21.737 0.007674 486.6076447418615 1305.6076111715345 2556.0343930037257 3204.9226469587534 6.15125669259212 135.12229867992838 71.09164182111744 50.306644175005054 17.210991422962167 19.24391355030099 16.38279990074412 18.292173152956128 86.88428537813144 0.3114951384084628 0
5 57 2.2242e-005 0.0032700000000000003 0.293 0.03309 3.091 28.258 0.001969 407.00592102162034 601.3352498538458 2363.336769198462 3166.6847362275457 10.396881406349948 40.86928840868925 97.43729982122072 41.75161785009302 20.577096222526738 41.7820176118174 17.718592011836773 18.513052255981645 87.10078599094385 0.7476770447296637 0
5 58 3.0672e-005 0.00432 0.255 0.02973 2.562 25.198 0.003791 373.5086081703288 778.7288295510098 2609.037711137288 3124.644537752192 14.21228315034354 37.897285731636245 55.695710030202385 34.96724575848262 22.422508656563014 32.264119481085956 16.049978818338563 18.762134153721586 83.85525311449136 1.5318173065945464 0
5 59 3.1602e-005 0.0040100000000000005 0.72 0.08231 1.019 20.33 0.010974 475.1125929441349 761.6210901324413 2564.6418353842882 3370.8272391739483 11.1640111244554 5.672964370772536 34.922334985614626 30.80058404108536 17.627400587516643 32.98884488037341 16.327816002317302 17.39187322289664 84.93838704720608 0.7344177195670929 0
5 60 3.1931e-005 0.00359 0.265 0.0301 1.289 24.39 0.004753 478.8305074803605 859.1937938229788 2635.57092171296 3358.6674801127656 10.42867347165788 9.60347698183552 23.81246885151505 20.45947150276282 17.490531344942564 29.24252966051632 15.888398090529776 17.45483896430012 85.06716475393131 0.9153354108820654 0
5 61 2.5411e-005 0.00597 0.316 0.0361 3.337 22.912 0.006279 459.44065586311547 962.8905523873234 1910.1533121297243 3132.4311751520468 11.657027139487566 9.30253788027995 65.35806460512207 53.40920732410508 18.22868719414162 26.09330825575849 21.922324105655946 18.715495001148547 85.78926778288104 0.3256497879379538 0
5 62 1.7214e-005 0.0033100000000000004 0.243 0.02767 1.432 26.537 0.002431 381.43274679806086 781.7119704825213 1300.5936547495992 2947.5210100794284 9.471716865276285 10.838891534111445 179.4502873227563 76.29515726593463 21.95668848651297 32.140994315964335 32.196835535125004 19.889595290253826 85.21070277906232 0.7209805413045604 0
5 63 4.0872e-005 0.00434 0.608 0.06414 0.868 16.077 0.027859 422.2733222641832 1109.191535460831 1988.116395952619 2942.567502513207 11.016599406708774 103.7282504057237 68.35805641204847 65.80771380390213 19.833125983650042 22.65163337147306 21.06265009697046 19.923077363536837 83.2396260275052 1.5625416407253319 0
5 64 1.1549e-005 0.0023 0.299 0.03391 1.374 23.783 0.004516 595.9477540584774 859.0000222641193 2238.3166954130393 3142.5347534255325 4.253595658381014 21.30992897383398 105.7285280180867 68.02641244475782 14.053245344017528 29.24912613363675 18.708255219564787 18.655322725101318 86.57557849236514 0.6024416930372892 0
5 65 2.3177e-005 0.00185 0.319 0.03696 0.453 24.855 0.004361 494.1895823929004 798.3493513871691 2622.225437057016 3392.8741793652157 6.834177723396073 18.751481210736948 21.723182687953383 37.879299495998794 16.9469375688732 31.47118483448899 15.969260082762862 17.27886060631 84.27641718463838 0.4419030964463037 0
5 66 1.9145e-005 0.00418 0.555 0.06342 1.301 16.682 0.02401 522.4368213494422 960.5864042692762 2098.0589363801823 2950.6114084742812 34.43059391925467 97.77162934890323 150.65180738922177 93.95327347180022 16.030646496867448 26.15589798932532 19.95892454396332 19.868763413449333 85.6522808621809 0.5440533888683365 0
6 11 2.0669e-005 0.00415 0.273 0.031560000000000005 1.083 26.518 0.002413 297.25007097897003 1325.8353186150207 2289.275056460638 3283.3269407621524 16.682985664464603 39.2115260968477 139.40491867733328 74.7689008901625 28.1749301940201 18.95031731862883 18.29181682726293 17.85536471320504 87.51671825851112 0.5018161595023575 0
6 12 1.3849e-005 0.00305 0.119 0.01369 2.066 33.63 0.000499 236.8436749632867 1473.1282911520098 2286.806188384565 3108.6053130676596 2.2730356968749494 53.76855868496782 325.29718972041934 108.38474217699114 35.36087675255932 17.055541021720416 18.31156492959342 18.858939651668802 88.83820343246173 0.17147742854327858 0
6 13 7.1057e-005 0.01194 0.657 0.07363 1.662 18.515 0.016617 380.046870890634 774.3145529968048 2029.3708383415933 3306.690332187838 41.06882440763959 353.9826918850658 389.9389718281294 181.8876653370806 22.036755572735846 32.44805344644437 20.63447409849466 17.729207791045667 84.95995470777977 1.3498778768825253 0
6 14 1.2541e-005 0.00312 0.115 0.01321 2.722 33.079 0.000545 261.71817025030555 1345.4131626107098 2389.615116538293 2969.7716084763297 3.1787472294924486 46.45264269445148 42.604603740145016 96.6302348460882 32.0000708853734 18.674560869648502 17.523742509907645 19.740575279483572 88.29836931964198 0.7080188179842376 0
6 15 3.8245e-005 0.00372 0.16 0.01839 1.663 26.26 0.003103 277.39534094612225 1253.882638177977 2192.0194413578743 3108.3671705312454 11.428492915500593 9.12015916967879 9.101977756200004 50.98093783028047 30.191566921906787 20.037760500862554 19.103388961760302 18.86038449890735 87.66724095408645 0.2572914900304601 0
6 16 2.2883e-005 0.004079999999999999 0.239 0.02694 1.708 27.269 0.002186 278.0428618058169 922.4168646127595 2466.9711826923176 2848.8769502869927 8.43615335059349 41.26795373606399 72.19508124707436 38.12718241499387 30.121255210820834 27.2382270575113 16.974255838002904 20.578284363631145 87.94304986365573 0.7759771699434005 0
6 17 9.215e-005 0.0174 0.389 0.04486 1.765 18.393 0.016581 317.83442550475013 1489.1071818919575 2139.534795789613 2515.6879470423837 8.392431443226844 20.096809338938808 131.4576045306771 82.3977878241064 26.35019786387121 16.872526239567186 19.572011673942274 23.303764709340676 86.08447252865454 0.4462684581300837 0
6 18 5.3652e-005 0.00626 0.237 0.02771 0.855 22.092 0.008504 376.3928690319771 1219.9512434601445 2069.406262024049 3181.991767447176 8.142016619812384 16.518359962220675 34.985821586142436 28.24419300456951 22.250687218222744 20.595085364836407 20.235272681084293 18.42399487005374 83.5528747381044 0.47650998619730545 0
6 19 5.9433e-005 0.00988 0.356 0.040940000000000004 0.686 24.919 0.003802 191.28527286500562 1242.7130093586018 2396.16612281683 3014.9931210112372 3.017222489996833 36.945892863662884 76.61197893977577 130.6941743716737 43.78277467241521 20.217861896342182 17.475833416246427 19.444488808762856 88.46132778759333 0.16810918285628298 0
6 21 2.5797e-005 0.0032300000000000002 0.775 0.08797 2.242 16.244 0.027768 398.07526074802956 1179.257996797175 2213.3744385770347 2875.921213752998 20.815861862538533 28.206774971979996 72.0418772477433 60.49449617094297 21.0387351986215 21.3057702964395 18.919076352449967 20.38477261464892 83.1168376729528 0.9676849018015662 0
6 24 3.3382e-005 0.00415 0.219 0.02496 0.685 26.101 0.0026 212.86862810622583 1423.4920771973862 2273.2964971711754 3021.4386365712594 9.346470770740993 126.32611603652312 169.15038991227055 78.681985047275 39.343514704387076 17.650256297503848 18.420386452936537 19.403008649723194 84.4790978887199 0.34547914220681736 0
6 25 2.4674e-005 0.00457 0.516 0.05973 1.124 18.948 0.013963 224.59131847755881 1251.0652227627065 1975.997955605266 2747.2378171379696 50.843970148507886 21.000148899600504 55.16452018686439 45.11367018650943 37.28995429018255 20.082885802322025 21.19182354476339 21.33961597146134 83.56477653214665 0.45135731677752305 0
6 26 3.2042e-005 0.007970000000000001 0.407 0.04666000000000001 1.636 22.829 0.006667 350.66446273519813 972.075410856828 1842.0939530223081 2838.5412713712303 12.952231340852448 48.36998914917292 32.62322821152169 74.58157093360025 23.883229953427943 25.846760158096966 22.73228242853522 20.653213885341778 86.7273695773736 0.29293546505817775 0
6 27 1.9828e-005 0.0028599999999999997 0.192 0.022170000000000002 0.819 27.668 0.00187 319.2079505938242 1178.059909676937 2078.19582094955 2819.8474099747837 11.518671731145846 18.055566068935782 38.527829588788826 75.94202591026573 26.23681516835638 21.327438268305137 20.14968925347317 20.790132044954962 86.42340308521524 0.43008142724499593 0
6 29 1.5992e-005 0.00265 0.134 0.01533 0.964 29.529 0.001233 335.21088722022125 1096.4540734291047 2177.0908622183065 3021.6893408210562 3.924531789837726 14.940868069101874 41.63544674646106 34.65098019702852 24.984272048711627 22.914776467948933 19.234383243578655 19.40139881622323 86.96746001188117 0.18117895366352255 0
6 30 2.276e-005 0.00428 0.953 0.10722 0.705 16.39 0.025692 258.7423178614514 1800.7080896404584 2128.917121426543 3133.9830771953925 249.58975327398076 70.44301880792051 197.5342220412537 118.01925716291626 32.3681107490293 13.952844519633734 19.669624326164673 18.706227364974676 86.48890256996214 0.532049642574711 0
6 31 2.0575e-005 0.00404 0.61 0.07115 1.27 19.737 0.013397 247.5339378301571 1152.0695634399224 1729.6388440258852 2778.2341386666826 39.96668866175792 95.98104346480068 189.05199722568983 106.31171595222717 33.833744469198486 21.808578923810973 24.21025646170867 21.101533230793514 81.47545746871684 0.9813712621051194 0
6 34 1.0439e-005 0.00219 0.256 0.028990000000000002 2.236 25.487 0.003097 336.8208499479251 1210.0425449395616 2513.6180553852505 3060.2743068414547 6.2897161151687335 25.61500767960112 43.05327624011166 37.65419388982317 24.864850264747073 20.7637327340874 16.659253346102343 19.156779465468098 86.87056240651927 0.6930358264924426 0
6 37 2.5781e-005 0.00503 0.285 0.0323 0.949 26.851 0.002528 249.42477459603276 1186.9697202441303 2236.6241676886716 2708.7773315519885 5.369131161905961 26.30081940171697 46.08339670964018 43.07812219981081 33.57725796711298 21.167347044735404 18.722412377075244 21.642605804889442 88.10131842861084 0.41252297163168816 0
6 38 9.728e-006 0.00173 0.38 0.04319 1.553 24.492 0.004024 350.78277884992826 1102.043664343041 1513.6369671055634 2660.706480806868 7.49776476253346 62.80700824061327 354.5900659143503 210.11020083268667 23.875174338541257 22.798552192555558 27.665154135390228 22.0336216801418 87.47450989415151 0.41467356550203877 0
6 39 0.000106614 0.014950000000000001 0.645 0.07478 0.669 14.124 0.045951 386.6571338862124 1165.0350852967426 1856.1802893458416 2957.150025907035 11.250383014948456 23.47673562785692 37.94297086160068 41.59659224525304 21.660016759097587 21.565874124383548 22.559769781176623 19.824831167305483 85.7570648934685 0.5285503806832425 0
6 40 3.6037e-005 0.00442 0.175 0.020139999999999998 1.096 24.218 0.00436 331.5705973417837 1081.7745596151324 2478.437574437886 3026.8750618828003 7.579620050200288 18.771680116633718 40.16676020599551 19.040508421338604 25.258572584972097 23.225726447975287 16.895725126140135 19.368159835290204 83.8832418319469 0.32710177643796823 0
6 41 4.2341e-005 0.00722 0.349 0.03997 1.41 24.184 0.005306 346.84901601356927 1235.5759046397286 2086.790292748862 3195.5888466613114 5.257258834934703 27.080932866797323 130.45100873762271 76.56725547649943 24.145952888251404 20.334647111239995 20.066702507437583 18.345601644357423 85.214719073379 0.5836869835256391 0
6 42 0.000135289 0.01328 0.939 0.10529999999999999 1.163 13.818 0.051019 285.2898033491816 927.7109819687036 2117.023972375797 3056.6663156453715 13.433491948154003 30.436680715654205 77.78355229397656 95.18308445568803 29.35611403450471 27.082788161763503 19.780125566082486 19.17939151549886 82.95025030545233 0.8867497624324737 0
6 43 0.000131324 0.01764 1.824 0.2089 1.673 7.509 0.250653 332.53828854626016 1329.7918590953338 2298.14203431558 2866.1204273005146 21.154368967649788 63.34951608847315 36.71009013286203 63.783249599208816 25.185069775310804 18.89393428614663 18.221241061138755 20.45447896800923 84.38298181979613 1.1226358462676533 0
6 44 5.617e-006 0.0013100000000000002 0.213 0.024900000000000002 2.051 24.721 0.003838 432.4547879832853 1551.7340902416856 2372.555243943419 2740.006460551331 7.87501622706468 22.590051764970422 70.1942914934982 27.65577610841991 19.366186322172712 16.191562818657115 17.649747084666256 21.395934952724073 84.50648806465378 0.5259829589061377 0
6 45 3.9811e-005 0.00445 0.311 0.034940000000000006 1.788 18.775 0.016238 378.1305663323324 967.4578914412127 2237.329680248786 2756.6962234084754 9.617745450949347 14.132343543872642 44.927462222787845 111.80793996344107 22.148434286159656 25.97012254721653 18.716508509976766 21.266398343853066 83.62887610588115 0.8003263191216443 0
6 46 5.3649e-005 0.00584 0.362 0.04169 1.214 23.837 0.004644 240.04217803609652 1235.7370065231162 2275.3917297252406 3070.2917995438233 4.627986032308498 48.907670919067186 57.45541945295979 26.379565790523735 34.88970175375014 20.33199610222242 18.403424541345466 19.09427631885359 86.26533437720555 0.2859470599523507 0
6 47 2.6096e-005 0.00495 0.279 0.03202 3.232 25.287 0.004155 320.6222027454896 1224.9027005038624 2192.2629832735806 3020.7377923296967 28.197335720860636 126.40326552153833 194.0158723487238 96.41555062575314 26.121085590095856 20.511833298812107 19.10126673647085 19.407510360171443 85.08934370289825 0.6161494680750399 0
6 48 1.3387e-005 0.00272 0.124 0.014270000000000001 1.538 31.51 0.000818 305.28094035213644 1244.1273006957015 2343.612912546897 2979.057875335292 5.5808301902150514 34.54027275507383 58.42212591306063 30.241821257938152 27.433746732893244 20.194878760357074 17.867711760681836 19.67904030511719 87.17761365205212 0.1654689387541609 0
6 49 5.758e-005 0.01153 1.164 0.13014 1.197 13.734 0.049919 403.5860708472551 1358.2054594004085 2168.0022588710585 3216.6369986082573 11.82139255652831 26.590158887538717 78.82876154399892 133.64600171954194 20.751459490210404 18.49867398640236 19.315016775769195 18.225556699548406 84.78216463558452 0.7138346758369756 0
6 50 7.583e-006 0.00168 0.115 0.01322 2.261 28.795 0.001462 391.3411944144473 1461.6397267149273 2136.367137538589 3180.6578831598913 10.910654221181899 103.16631154009988 164.53762182968993 100.75371806401807 21.40076260699126 17.189598463137752 19.60103170667856 18.43172140908087 86.91096497657846 0.28893253463888685 0
6 51 2.0776e-005 0.0025800000000000003 0.198 0.02222 1.71 29.306 0.001346 261.8684315504093 1277.8698983747563 2215.277962732937 2803.933862022359 1.9415508600108902 20.826914030626583 82.7627414278848 79.68503820388324 31.981709098783924 19.661625985520853 18.902819738404197 20.908125114519024 87.01743755786417 0.8290482860164323 0
6 52 3.0717e-005 0.00348 0.203 0.02326 1.267 26.905 0.002717 341.38281519399857 1112.7033361790975 2449.475331337091 3269.7068988955357 4.115040308407852 20.732234059728064 32.64060714304245 24.47424151343224 24.532576413492624 22.580142597825333 17.095497743650174 17.92974165965847 85.61391254982767 0.448098400667878 0
6 53 2.8348e-005 0.00291 0.239 0.027280000000000002 0.505 24.001 0.005114 313.31224865368426 1137.7594811292365 2330.4279778454697 2985.994225046019 3.7350618514115643 8.585045166523889 25.659668923601107 59.965911065796455 26.730522142009203 22.08287464681306 17.96880246808328 19.633326651559916 85.75747034713899 0.3059097965278952 0
6 54 2.9989e-005 0.00429 0.375 0.04293 0.754 22.101 0.00738 317.7756661139409 1350.2110847729039 2271.8648680136384 2845.3535214291896 5.302214897640062 23.41757179178927 70.68406265999084 58.597048872919984 26.35507023686666 18.608201549630923 18.431994169007332 20.603766652712213 83.24482375100344 0.3622514621800274 0
6 55 1.3521e-005 0.00265 0.205 0.02359 0.977 26.482 0.00238 377.4338348876584 1379.4749490861475 2092.5787041383683 3067.8523873429526 3.638078685814595 41.67541808193409 98.06900836409173 50.55188578656326 22.189319626028716 18.21345144153898 20.01119476041035 19.109459191018882 86.25848218664542 0.47947525853544637 0
6 56 2.0225e-005 0.00263 0.307 0.0364 1.571 26.785 0.002293 298.5599443856086 1221.7221237058532 2134.1720402880846 3109.490833155063 11.964382347044094 95.00030092016871 99.06497249572483 116.96908221604167 28.051318194188735 20.565232889282765 19.621192298230763 18.853569007153432 87.0477858903353 0.5950408232841976 0
6 57 3.386e-005 0.00507 0.316 0.03625 1.291 25.636 0.003261 319.1554086384047 1163.5711094928429 2175.6991999825937 3044.1334383494504 4.464534976852785 42.348456452100606 62.92852717056734 47.621370133514894 26.241134485954053 21.593007762929975 19.246686306790487 19.258354204008505 87.13083130664872 0.5088842755814607 0
6 58 3.9893e-005 0.0055000000000000005 0.316 0.035840000000000004 2.301 24.051 0.004801 283.48168909327836 1155.5525790503366 2146.893043721173 3525.666321990533 8.248490364422835 78.42056175195623 67.0526088887001 87.01594012912047 29.543354376036064 21.74284446723176 19.50493068225643 16.628062512422133 85.3117672323616 0.46350269334377114 0
6 59 2.5992e-005 0.0035099999999999997 0.215 0.02476 1.684 20.778 0.009973 340.54698601040917 1260.5206285165598 2546.876878033521 2865.002758678915 13.755118278633322 18.73391896930322 34.714571234419 21.02344571565625 24.592788496281127 19.932240243912776 16.441705667504536 20.462458481901304 84.7674170699925 0.33642740757681316 0
6 60 2.8381e-005 0.00357 0.397 0.04457 3.707 24.211 0.006358 246.90466558800543 1421.7534163261182 2734.002109061277 3077.5415962229763 15.756251917726765 93.82533382266358 26.765298883795314 82.72187056696932 33.919974659267254 17.671840778778822 15.316374431904821 19.049295733955194 85.74497792425332 1.8267142456529601 0
6 61 1.2481e-005 0.0028199999999999996 0.214 0.02453 1.099 24.669 0.003534 283.31743334360067 1417.9662328171605 2076.195684472039 3200.774321898489 6.469151166399504 99.20611877840675 91.41975274474439 72.73909583451155 29.560482393058383 17.71903971936103 20.16910078042499 18.31588050394865 87.70149621633534 0.1779800168371341 0
6 62 1.2975e-005 0.00251 0.165 0.018600000000000002 0.939 30.653 0.001393 339.56446201799383 515.8688417967957 1801.0759066408618 2952.7582757909486 54.15784053509192 231.65247294376658 198.960368744993 188.9231816825633 24.663947311294905 48.7042402337936 23.24999176636588 19.8543173955871 87.11502292546287 0.4129571129185611 0
6 63 3.8212e-005 0.00445 0.798 0.09262000000000001 0.538 13.592 0.046746 388.1289704443603 1209.3961788658423 2087.8722786600333 2836.0168087431066 28.08135396425194 36.196001504157735 76.01138645801751 82.07011450111179 21.57787910140191 20.774829984630788 20.056303456873703 20.671598214533148 81.96127829182957 0.35683674784495206 0
6 64 2.5666e-005 0.0053100000000000005 0.787 0.08988 0.897 15.746 0.027586 508.07293216256886 1374.9863989701678 2107.0020031576582 3095.449926443549 24.612755509924284 66.35024581903333 71.85641274867297 122.830260408866 16.483853930876677 18.272908022085186 19.874209866551638 18.93908846632707 84.40873995247637 0.345543646235131 0
6 65 4.2179e-005 0.006889999999999999 0.557 0.06304 1.681 17.593 0.031938 373.82883276632145 1394.5108928556783 2130.7014216967027 2571.599487348096 18.328273504620423 61.020615753490155 35.250512550543924 28.101848861798256 22.40330136663153 18.017069732993654 19.653152512872705 22.797095849655697 83.30331699489044 0.5947411913872893 0
6 66 4.4647e-005 0.00985 0.854 0.09788000000000001 1.287 16.741 0.022959 379.58736744240406 1254.857308675634 2189.704220525242 2856.6687132450747 7.369251617172485 82.78780574782415 76.84705768254847 77.86549058654089 22.06343181657847 20.02219680779221 19.12358738111008 20.522155659206305 85.8702319336326 0.2627341663710059 0
