1 7 1259.2417150904073 101.20851199055662 -98.34162020843623 -23.789004399816356 -12.846842326876871 -19.405684388700152 -17.50271308038662 -42.185739323988045 -11.799843162515863 -10.558991407819054 -29.396013842208433 0.8798904924493848 -10.302799763169581 1
1 8 1191.7001263896555 56.50366218433289 -56.214097849944146 -33.391301379799245 7.801811295199222 -35.266187362206075 -21.325841567700852 -21.484369168084385 -26.337339351100468 1.3828705760314677 -32.586359179955146 4.417129281120438 -18.66433955771023 1
2 1 1067.9806583657453 136.99369074170926 153.99272127099744 -120.29575657447614 -29.04226527226485 -91.43779774576987 5.239724462766874 -9.695578518980774 -30.935232123749532 -12.925498611622164 -45.39421346596966 -14.275133651240285 3.7088597613323997 1
2 7 1137.9694825811564 134.37956986915015 106.99233590184502 -106.66407056908136 -40.95245985103084 -22.204146981637084 -42.60645461800813 0.3871646030209668 -23.9825538557488 -20.670085560659437 -33.19945241451098 -13.317369994506368 3.8100880429475956 1
2 8 1162.1459840007487 90.99324001538027 108.09029553752197 -96.11521989824205 -53.80756799029556 -42.26081843089409 -30.536163369567088 -4.029636198823751 -32.83388942501732 -11.860053860283259 -40.4143391552588 -23.260527581994126 4.008251043723835 1
2 9 1089.282971534675 101.95159709412803 146.28155104740284 -123.3173848590044 -21.81093900840734 -56.18804580811493 -29.164917808537563 -6.852643536476549 -30.03403464834226 -26.748473450278627 -29.516105933358283 -12.189400849955085 4.511820688921335 1
3 1 1010.977769542235 255.62429242866264 -28.43418822227422 -116.72347930005965 -30.602700502727917 -46.04308987483207 -29.309539892803464 -19.981251075660193 7.3166631884005335 -34.705794060247214 -50.355870302456104 -15.662138053740621 7.821967006824185 1
3 7 1129.9790511315248 221.60977054176536 -25.469558801053847 -76.82678188529677 -10.614438501517565 -31.961986246343294 -25.506683554726504 -34.430119886698925 23.467893982970146 -16.50926457751162 -48.12191815768988 -15.523965939126693 15.061897531945734 1
3 8 1047.66599162656 217.90127626447247 -6.6375205143156775 -128.09887014902324 -11.767569204990828 -40.99253243566645 -37.021123657682445 -32.74463627435727 14.878748629325402 -38.83887180593173 -46.37355109596431 -11.779093185610774 -4.786761664143 1
3 9 993.8363263612217 210.0708260142191 28.910517452932865 -116.93445205760344 -32.538834363445254 -47.82142756884709 -18.709664167592372 -25.22028678318428 -22.788176105121202 -40.54123146681826 -16.679804370424495 -11.717428377315887 -14.65405372023299 1
4 1 1133.361318379881 108.06718227044959 92.36570932729606 -162.32652068844996 -40.22712789514309 -39.80933160682135 -27.737479159258935 -8.240913510503425 -22.080287373322705 -31.932474098079684 -36.77269556933389 -14.962127404990683 -6.232827594099429 1
4 7 1171.326958198716 107.14335914184305 40.03897152586012 -112.88050869797159 -56.251656704522375 -23.579477989415334 -25.012839786158057 -28.246711712944144 -9.242949498899957 -19.61531032031509 -43.93178707456048 -23.00430682252299 11.613058138896072 1
4 8 1204.5262204420349 92.84556018224477 39.57631688959897 -145.38088882762048 -71.50273085101172 17.767743354140855 -46.31413614039337 -10.513986168363372 -22.436639541218128 -12.158228645042893 -23.995138930847872 -25.469797366039995 -5.157906387335749 1
4 9 1134.9583069772154 93.79463548323562 97.2451982965912 -140.21923133405383 -75.15515823420228 -14.850077413479294 -2.5993019676729507 -11.824607122028514 -14.934176479249912 -20.672160240169813 -29.582923555841603 -27.11714096617759 9.518824209772735 1
5 1 1094.868739031769 189.8724486027892 -43.44271728170795 -123.80429218541076 -4.587884218474021 -33.90229739974775 -23.072289836274948 1.893520239424203 -6.698138755910566 -19.510183677159898 -31.56505874441831 -0.13235117955133513 -19.669110765726543 1
5 7 1096.7047764607644 189.06931456795445 -69.5494059888851 -109.81214732225169 2.35471445190338 -82.89761882254803 -21.252871867471786 -15.74869411154011 -10.071785278885178 -38.0307574477391 -33.89285975612176 -21.465249982124988 -7.309526814082131 1
5 8 1093.809325892609 188.7998277868183 -37.125769083458614 -125.23454179831673 -13.732636530840317 -47.20456561640346 -50.789876241988175 2.012829965782945 -18.98211142374363 -36.56233522201819 -25.226193731831554 -20.90509262465836 -21.061439377935557 1
5 9 1080.5481159596352 173.95283057671023 -14.859557720042536 -138.7578813425998 -18.419788148759157 -71.47355952557383 -13.516451207751931 -9.117921790194483 -13.160924626746652 -25.921758083044008 -57.25509048522343 -3.4026598251012343 -9.681084941280728 1
6 1 1092.9891448449018 159.07846455335047 82.00290107081581 -43.34345259791305 -35.02517493845738 -58.8532633400815 -61.25342731887461 -5.40027599907557 -26.015328386488385 -20.249061302884968 -33.88050347361396 -9.026184563529505 3.0108709877974635 1
6 7 1149.3389573365646 130.9496692029279 22.420783406202464 -58.245304543221614 -10.66634617799915 -43.60152469236996 -77.33183041363593 4.248247208260257 -12.329659676471802 -21.306059924958845 -45.79888957907053 -7.494862177153436 4.365382579194154 1
6 8 1214.4213869593289 104.0129075382594 25.271561076445217 -35.32326838427252 -41.67021595692784 -60.75206547474415 -52.76447048784416 14.952226003234397 -50.94764816133705 -3.3730868114640535 -42.71188118608832 -28.79526874289885 9.778369136136302 1
6 9 1154.7121190633031 103.74847676976219 55.85599768432227 -28.785404917584557 -37.349698145183545 -74.83919303965934 -60.50768323070588 -16.721436751416494 -29.69587814415892 -12.522501868387376 -39.607570485044036 -14.535101617971083 13.909019714934635 1
