1 7 1.8475e-005 0.0045000000000000005 0.322 0.03646 1.3 21.627 0.009947 644.6634036634491 1044.1327741647663 1886.3118918230696 3005.4599733394043 30.57378295828543 22.40141708024593 79.94172591074667 125.11857319137303 12.991275683414202 24.063031658112884 22.19940412904302 19.5061656185895 83.74675364994934 0.3822593490992332 1
1 8 1.743e-005 0.00413 0.372 0.03955 3.129 20.659 0.012534 719.2027718574145 1175.9292851487749 1858.4567579827349 3036.7972140314687 41.26379626719537 42.76526878878145 61.78503020376591 40.78693533353731 11.64483832337118 21.36608069661371 22.532135773475456 19.30487808969404 81.10271301672847 1.4646036285833037 1
2 1 1.877e-005 0.0048 0.358 0.0402 1.063 23.873 0.005459 400.83197972008753 2984.820392116581 3429.601552939037 3660.328621667182 21.10144177222984 41.51756701067564 45.71900233170768 51.4419293637214 20.89404145310088 8.417591914863422 12.209873174367655 16.016321499925294 87.61695065105522 0.5860588142227294 1
2 7 2.8396e-005 0.00714 0.35 0.04021 1.12 22.742 0.005802 424.2013137937243 2338.403489020109 3226.528063901817 3648.350795539142 86.3052206783485 894.7007580529888 225.30954700333353 151.40203567088378 19.742984586965466 10.74451014034727 12.978346746304405 16.068904358561436 86.85269156295433 0.18478736352799835 1
2 8 1.4484e-005 0.00359 0.316 0.03686 1.338 24.616 0.003623 410.2275564033058 1579.4963796195268 2836.2177755668804 3277.381240926247 44.764637544032425 1050.4011938927283 173.359226723345 285.5076679085506 20.41549834786406 15.9069690340488 14.764381057315093 17.8877572337088 86.44748703807687 0.5400701948191439 1
2 9 7.466e-006 0.0018700000000000001 0.453 0.051870000000000006 0.682 20.703 0.009743 395.6037133788529 2706.302825456381 3434.042997973267 3745.427408378693 24.16566880424676 444.0468369421322 137.80761420685076 62.38575253329093 21.170175397164734 9.283883445587067 12.194081444150276 15.652419232275916 85.53394078673556 0.3462587907747709 1
3 1 1.4364e-005 0.00365 0.217 0.024180000000000004 2.37 27.647 0.001986 467.68168631342894 791.9309677365349 1541.3330934286248 3173.311471351286 70.6614552935226 189.94484544875257 745.1950130337368 245.8443471890587 17.907479050585014 31.72625017027843 27.168040560818028 18.474391981142592 84.77704656282349 1.523687108765527 1
3 7 2.9849e-005 0.00751 0.576 0.06588000000000001 0.986 21.361 0.012297 427.5616888241231 957.4224336906823 2042.318454126579 3076.9225881035327 10.77797444582894 25.339900232296273 201.52292540368066 114.70619127367809 19.587816726594145 26.242334747837358 20.503658435534398 19.053128026900943 87.00407969970696 0.6517220155320205 1
3 8 1.2769e-005 0.0032300000000000002 0.261 0.03 0.907 27.358 0.00198 468.03767048303973 927.7893502922606 1766.46452104728 3084.683994060126 6.513152623288554 68.53475089362586 442.5665560316089 158.44662020061648 17.89385882413387 27.080500538279985 23.705542625432216 19.005188250364842 85.60846203447815 0.30812986652832425 1
3 9 1.8868e-005 0.00491 0.261 0.0301 1.081 26.85 0.002192 362.5065191509795 583.6933040705619 2591.9177366306412 3233.2642677952663 20.935720455235664 30.234938731549022 143.36803053279635 50.91323121474994 23.1030327940445 43.044865899237166 16.15599114439308 18.13183060349591 85.29468537586499 1.0110723757997104 1
4 1 1.9489e-005 0.00494 0.291 0.03343 1.016 23.668 0.004823 501.7958599657872 2780.3212117886446 3282.8937377647662 3659.583581871272 3.372881047639592 31.646565355847546 12.65934083890004 39.3296106230134 16.690054000387754 9.036725646471801 12.755514903906564 16.019582197934938 85.95704779736117 0.4712770878173862 1
4 7 2.7186e-005 0.0070799999999999995 0.331 0.03842 1.434 23.37 0.005012 493.36351585232944 786.8732799327395 2528.9790277658935 3106.3262977234212 40.35749360657234 309.9958174642574 123.6108016053919 140.39051121607093 16.975312788444523 31.930173054227538 16.5580653458374 18.87277587128093 86.4415365105363 0.3743424598961251 1
4 8 2.5016e-005 0.00622 0.532 0.061220000000000004 1.157 21.08 0.008021 512.093486144642 779.8541340938813 2513.1786527157 3035.6363331523507 15.250080642212527 298.6744973937724 87.40381591164196 70.70984608459635 16.35443571651771 32.21756338984205 16.66216604010644 19.312260615592574 86.18798396477718 0.25229612796744205 1
4 9 9.464e-006 0.00244 0.261 0.029980000000000003 0.769 26.639 0.00234 459.57781463917695 1838.2030446908082 3040.90820014497 3497.1700915285123 113.04068725401305 1002.2756813333003 348.5724437142484 154.040099833704 18.223246930610365 13.668239791337147 13.770557098041856 16.763554092496744 86.24151555037408 0.27657025465710877 1
5 1 2.3023e-005 0.00588 0.561 0.06548 1.464 23.092 0.005478 492.3995257416773 946.389866027767 1627.352034906605 3060.516573608713 12.217053811442538 88.78801971881583 278.29030767142814 23.920711130247213 17.00854603258431 26.548255536014832 25.731986135626297 19.155263038119788 86.39485808864114 0.8400817472637543 1
5 7 1.0957e-005 0.0028199999999999996 0.194 0.022330000000000003 0.821 27.505 0.002261 498.3864043700499 1020.0737311710441 1505.3131956599361 3125.0848237005707 5.177793108626693 23.247184060473487 198.03280180959644 123.93969318829075 16.804230465688217 24.630572508868074 27.818131217299143 18.759490800182242 85.57888415519403 0.9302058004326343 1
5 8 8.949e-006 0.0022400000000000002 0.19 0.0219 2.101 29.959 0.00111 494.5320892227515 1024.082149822257 1726.4300242422478 2997.4224150837717 6.260478617772211 22.902814209622413 209.19004973789413 91.13291396932013 16.935200328785253 24.53416457298936 24.255254723329706 19.558471206789033 86.36303920703134 0.31497592239077987 1
5 9 9.445e-006 0.00248 0.179 0.020710000000000003 1.91 30.251 0.001053 509.56963100315375 878.6735602011863 1936.551647751331 3103.387691290566 38.620311802331706 86.3435697033835 351.9746825887019 27.14646934876165 16.435437848822993 28.594236970379797 21.6234873201673 18.89064655522313 87.60423199177444 0.2667159658504735 1
6 1 3.1632e-005 0.007940000000000001 0.341 0.03855 1.4 26.686 0.002444 269.44488298396675 1067.3164325747755 2594.1324418800323 3065.3243030228323 4.4207617326051025 77.07488561969235 44.446005709913955 69.32544698643251 31.08242363800374 23.54034776677137 16.142198186940735 19.12521945628646 86.41237347696752 1.7329089723106343 1
6 7 2.2134e-005 0.00565 0.348 0.03986 0.883 25.564 0.003303 340.1295486786945 1030.1833801176324 2384.655882070165 3027.518662947821 13.138649485875185 17.856061953285145 122.43783365911388 34.305129780056426 24.622970960725013 24.388861716184046 17.560185649783364 19.364042480556755 84.55753259908848 0.242236255985343 1
6 8 2.2328e-005 0.005659999999999999 0.274 0.031150000000000004 2.326 25.687 0.00306 362.42026395464995 1260.3725379663365 2468.2138390310743 2905.37868320967 13.373349407438127 65.30421062112352 74.97986652145609 46.36868575008511 23.10853126316351 19.934582231171294 16.965709914517987 20.178092562872042 86.39131719419316 0.6192687428997113 1
6 9 1.4708e-005 0.00381 0.158 0.01828 0.888 31.558 0.000777 275.46829223991705 1298.1405285712967 2610.4259432851763 3043.5988542337805 1.2945126467818955 30.97323813344369 21.99739958888487 40.20974941913394 30.40277315367337 19.354607183901724 16.041443392682893 19.26173678191856 88.09190054864628 0.306459676185728 1
