1 1 1182.812304241576 160.05086131196546 -45.37921012393952 -31.165906305963542 -17.327965376819385 18.57021986064068 -9.399935452460117 -11.272542328257156 -26.845051816317063 25.540158807376706 0.8873151310867493 -21.658506687378004 -4.723949746593552 1
1 2 1231.455551517986 27.93255543092209 -94.05468508995827 39.447763234345224 -15.854700325934584 46.1200709655539 -25.533956518865512 -2.3539878584033955 -45.312695749499355 31.991807029883567 -2.35955854074604 -15.92849151674646 -6.05760323753116 1
1 3 1253.6293658167501 -58.89001243454306 -114.84417857279936 17.273950392753086 -19.968387564193332 -15.605722351510135 -22.91642631926299 -1.8332454534721578 -53.80370953621606 34.5744525190724 -6.838890607740735 -8.320411367939594 -21.882180233116955 1
1 7 1263.378626363355 135.69223125178345 -8.516473312703926 2.609170078399881 16.08249262483296 -23.952175423679495 4.1930917450836205 -7.3332531283006395 -7.910327136938385 0.264446546181947 9.539289039013667 -24.23026391317571 1.2011321326224098 1
1 14 1299.1008387204715 55.09343327713797 -19.425860357280506 53.75431526349525 15.599529999985117 -54.82461933133361 34.276313507024575 -18.272849725152835 -1.6821315076740049 3.866232402660484 1.0808187381236076 2.41813989877079 -19.69223797662505 1
1 15 1349.038825290237 21.527864296935263 -23.89743401029464 -8.203142969624373 27.216549023632464 -11.675910740876692 -6.526227689384745 4.364145039327287 -27.943812569467752 22.607482202246935 -5.028362722286249 -8.292668055502238 -3.8130024822282746 1
1 22 1301.0022586141122 -49.29496119376986 -70.59898619691603 17.879842436672018 18.368624124742837 -20.739116255139276 -17.84267110537771 8.107474838231449 -23.04150487178474 9.003467688289849 7.565674849297777 -21.517737843708066 -8.796238975926512 1
2 1 920.9894159463025 165.25107661811595 140.64236979282646 -63.44806329995471 -53.48756475181043 -61.06591611110994 -38.63468509668058 -29.794378217199537 0.8868123473043066 7.568764433726626 6.343634600852914 5.973256851077146 7.37776852795737 1
2 2 1108.220942631868 74.16550067728976 155.35535525146727 -29.575162163382572 -103.76709064573663 -27.06809963342369 -39.99522491669073 0.3913288438367821 9.179292515343636 14.885003854671934 -1.0735689463191374 -13.280042201725506 -2.133573415589014 1
2 3 1235.864008152685 -1.083918091803884 103.03764890618513 -51.26469075764935 -98.5626833625674 -42.309698464793115 -40.86153904037577 15.4796639202817 1.1845192071168273 2.556606538412305 0.10487376946886064 -34.505136237355934 -18.786000512031634 1
2 7 1047.963049386139 162.3878762465084 191.03250382813036 -23.62913258902728 -68.51963311376105 -15.480834295954795 -25.19013221059613 -0.5854678288027797 28.57594272785226 -19.25056735602045 10.440627068634488 -21.24540077272802 -3.0837543840869417 1
2 8 1104.1088855134794 129.30434534343064 198.7719276801591 -77.8732001205599 -49.03758989910275 -36.151620008170674 -31.59491463044988 10.821655392049262 9.81425639555176 -7.163902814681332 -1.76199821648538 -18.218768201472347 -12.450595806038923 1
2 14 1146.2595454597972 76.58519890899417 160.2568144077076 -19.896372840763103 -41.65657431680632 -45.737495375233145 -5.083290701408851 -21.290245566305735 6.526349430914097 -13.216783782663336 5.507812028282054 -6.676492386005081 3.5925677522737356 1
2 15 1214.9066114564175 37.262719567723884 155.96251371716525 -46.26617650216302 -32.562835271273165 -29.179587339202115 -29.169276330771932 9.874065805711743 0.7545824560790184 -8.413218747539943 7.144780478145876 -11.389544997598636 5.635482229558589 1
2 22 1189.0037689641106 35.4697384228206 185.25202694521852 -44.73448707280526 -44.07067203830787 -34.670861086112936 -26.687331223162456 -1.4925078929818658 -12.145711209879265 9.62708962116362 18.140504465472706 -8.433592750468732 -7.767969720776513 1
3 1 1078.0891726790976 231.8447196811327 32.97092576621484 -103.38553172729561 -12.20616459125684 -18.95236033686078 -16.810508132681832 -30.446119907338627 -10.46587876533631 8.923787939502391 -5.336038767883914 6.916931779188088 -8.259951900433473 1
3 2 1155.3887854341342 181.57702074834435 2.105402554964617 -85.1214435053495 -51.027456600340095 -3.798725887248098 -22.048183074643347 -4.240347490473653 -19.294806258031723 24.686652374193372 -20.488472299482194 -18.20962986187174 -27.067349066553028 1
3 3 1187.7784998533966 145.80737340815546 -5.639105210239889 -110.29535593789105 -26.830309307098283 1.0197246149618782 -38.19696241171053 -14.79403181878999 -28.608688083849156 50.49641673210905 -17.396937935522907 -36.018674138048056 -31.205604966976356 1
3 7 950.024035354745 248.93746597416853 76.92473021363773 -38.78205093242748 -39.737115657315876 -19.113386083655183 -19.185449003362997 -14.915208303688395 25.532144670720093 25.22124118832423 3.0505783386763095 -11.870645155687752 -18.657773153892308 1
3 14 1115.2920034231267 185.67352210152532 72.70220780610325 -52.43824115297337 -8.832984646774563 -40.54063064587946 10.523377174503878 -38.17041054555016 11.242444806523148 5.882175861149091 2.9328028755270017 -12.091978892417009 5.0923431067151155 1
3 15 1140.7158404405955 179.22763330445366 69.33134729220951 -113.64486879767715 15.084041967352064 -20.082123643009385 -20.662576760324477 -12.308290977527287 -17.408256463735004 24.545152158621264 14.272431165207896 -5.097531978439634 -4.855511715359556 1
3 22 1278.3781713778908 118.13859040528085 61.15473468045037 -88.14988966042013 32.162098119577045 -25.024589982090408 -37.41993816115638 9.264074827578599 -28.571491899387333 30.018644095898143 -7.836026585337993 11.606424058038701 -21.44136301203798 1
4 1 1109.6812151034387 163.7018451210873 94.7690609560335 -68.63412257674975 -75.03141665412603 -4.040661404598705 -6.98303239824164 16.929177353401982 13.32283332397291 -3.1116620332189093 2.4310159992201172 -13.470894891866878 -14.79608511907896 1
4 2 1251.0814108166167 7.110839285447419 59.281564059514466 -51.89990707251755 -127.35718050315675 5.839885189996422 -7.733906093861129 -12.944212986917412 -9.206929967555864 -4.339593255723022 11.812140018341625 -9.275129986424604 -19.759135722395964 1
4 3 1274.5562317775705 -3.396350296655615 3.028580319578264 -56.639016506320004 -94.55047601275935 -26.870121109381003 -40.72390017531116 7.627806902177487 -0.9401466250934475 10.115396406362562 9.672166170944857 -16.319532013796383 -18.8729736519503 1
4 7 1104.5110045518988 157.02142512867212 151.700265572304 -37.39258894328939 -71.62551181280182 -25.482541679441372 -9.70367731748475 12.136713756467135 27.028659981329678 -14.798382533952259 15.724091004039224 -34.053020804359726 -5.7074590492256325 1
4 8 1131.717229354608 116.33628355220468 154.73866148340946 -90.20616605617566 -79.43501360010201 -28.330529394552734 -8.41070571462588 22.696463585583444 13.743376950373012 -9.746817995875 -18.918737373159043 -9.50569410233734 -0.2931216511177312 1
4 14 1242.129551256989 68.65282443913361 102.66427415055058 -6.441169927982951 -83.9394817218086 -33.3845727676017 16.607518771671263 -17.682724685967834 19.345006332842505 -18.87060494424454 6.034220418455536 -11.97649490642325 4.983002662401363 1
4 15 1285.9477186839786 23.167294238382535 106.403440559142 -52.740408728864786 -65.14411015046454 -14.786949283246056 -31.67313713722876 12.369824782503532 19.24522269285679 1.6356954243559931 8.940069045323057 -11.230139117419725 -9.104424034177264 1
4 22 1269.8140416176336 -9.430119492309885 114.91316581492588 -41.24847624823279 -34.41463752867662 -31.81777947086689 -18.490381977154776 23.357457057588142 -8.81644490567724 -8.176168049722907 -11.783565214245021 -24.15147686386861 -2.358460760154067 1
5 1 1099.5541262504505 196.62983272972053 -23.206024695738908 -134.58533301584978 -8.354041167999474 16.049023968279002 -0.47152393291776035 12.547463017535506 -21.126621296016133 14.218539969514552 -31.263241522113116 6.325036466199235 7.155572133718271 1
5 2 1259.0574220961514 70.67297991095249 -53.00184005387028 -85.28078027746118 7.8063261868093035 -15.511059349333875 2.4468807635503453 8.387039093493929 -7.774249938875701 -13.148052709178106 -29.59280716530609 4.408077394992141 -13.876459823135791 1
5 3 1262.6977123308313 87.39799538720756 -26.331222810798003 -78.11984149425943 -15.47196384888519 -19.572947819237466 -31.592376558638293 9.978372963953717 10.229543610202255 -3.347374112936672 -7.685226391059625 -19.814215277215755 10.70678718339379 1
5 7 1072.3186916804566 233.18508844524544 19.259398493115864 -102.897963849387 -0.10825579385661994 3.078661987995242 -13.72044156091544 11.197750157342378 19.78714300207357 -18.73763684450597 -31.459750140660397 -2.077404034605174 10.979282885444857 1
5 8 1145.119174211222 179.64912015293774 57.10420556193049 -130.8768798206602 25.307053192657154 2.074641468815336 -28.184686770282685 3.8439248894738887 3.3913623315155794 5.801845906804453 -33.04422237176014 8.84542245184169 5.7404176064530335 1
5 14 1276.4935568170822 107.53957106105061 -9.182592259791687 -62.37534996395136 31.893477112798827 -24.193668099678813 8.97967683156456 0.5857203492382769 -3.9453680359263483 -6.0205181889278645 -19.42836858136206 8.884571351077994 1.4704634445042828 1
5 15 1222.4316042163687 111.13132855783343 -18.38220443202371 -112.06843877426061 29.499701636999806 -0.12973378814861666 -12.595121253372348 23.854609110864004 -9.456034348812484 10.705805960239877 -30.003050752127404 7.8122663366547505 -0.002966451865793137 1
5 22 1313.5185273278667 -0.3635619300588476 -32.42649938921854 -71.0958038443009 46.71705900965492 -28.74093484022506 -19.895142367865578 39.62425567375983 -32.063517973126054 -17.750070730816667 -13.646113447501312 6.403537490844232 9.849973806755303 1
6 2 1320.1834081451448 47.258610478800755 10.522883943405343 -4.524222185322718 -58.538031491198886 -50.30622812549787 -29.793485153649904 3.9161866138134944 16.32104090257289 -9.732339270990538 6.600846370563363 -10.226247476945646 -14.919800176237123 1
6 3 1326.4158564592394 23.109196869618668 -16.28121265493784 15.535944666519496 -55.756782360291126 -57.735373854049875 -61.74369945878251 12.340960441955508 21.106166542870398 4.571555719935505 8.132343863257843 -13.024263136941935 -29.83565344580983 1
6 8 1116.4731221551037 136.4894815140664 98.57947926305745 -47.606831095670636 -21.48538366093632 -58.68876471217578 -38.67933437117587 -0.5189144613204877 5.157929114894945 4.78911131633124 2.2308381765668766 7.600950611887088 -8.696867926896584 1
6 14 1220.154316126168 118.46821961230484 56.22675072506503 26.111832711672733 -22.91438107871482 -67.37632818765296 -26.494591027006322 -9.662473225097742 19.665478468769003 -7.829319263169079 -21.50907650431102 2.1410293164745253 11.121827109715737 1
6 15 1313.831826784284 50.067099538859715 51.585029169404145 14.677427678293833 -7.2832133715899445 -44.75696676328201 -41.53167644699239 16.182545611385926 15.063308844750049 -18.289664845176535 -2.9837916175643184 -7.881755429559403 10.620000860132974 1
6 22 1306.609449932623 76.17757745390722 40.20995628519136 35.776123087811776 -29.09737103737525 -53.23097677971203 -52.15444183691545 17.643627773163843 -6.59541879079333 14.836783289246515 -1.9774838726108472 -16.8432500161362 -2.5234539266699034 1
