1 1 2.3019e-005 0.0034300000000000003 0.3 0.03508 0.667 21.484 0.010613 550.3419676127817 863.247332839987 1780.974204108873 2804.0113198382246 37.15587436456364 12.3777083167718 88.19311198088234 39.76163513400196 15.217810911874006 29.105215903003792 23.5124124220275 20.907547549908724 82.90133996589303 0.8991159115682623 1
1 2 1.0983e-005 0.00159 0.211 0.02434 1.102 23.07 0.005882 851.441905424606 1488.3009890433384 1911.5645276815897 2606.3129257798755 9.526253460010839 20.36131178523297 33.78659445663074 14.435776990023946 9.836255352998473 16.88166586259547 21.906139915029403 22.49346170988194 81.633495924316 0.5175765747914675 1
1 3 9.399e-006 0.00184 0.324 0.03699 1.852 20.873 0.012305 953.5664367346631 1504.2879430613393 1919.8414337677432 2750.6105808868215 27.090847646651433 23.135083497329035 48.074896510405715 20.257193255893657 8.782817512620158 16.70225445593131 21.811697186792728 21.313449605468605 84.52662234247643 0.3075265449641824 1
1 7 2.3872e-005 0.00304 0.256 0.02896 1.388 22.915 0.005583 553.2581001750783 1377.0263217242994 1836.0355939444732 2739.817441498118 23.47553031260504 100.82761058875921 182.33762217063344 80.01430067779276 15.137600330387814 18.245838589736405 22.807292047120526 21.397411050841455 81.5257534108892 1.4898266982368598 1
1 14 7.9137e-005 0.00979 0.883 0.09753 3.142 11.683 0.111242 593.8755852987118 1515.9788761906943 1949.7993870744156 3286.64230108256 74.5711321092852 29.037145138765826 75.39231027398279 39.36412095049866 14.10228035521528 16.57344993034028 21.476568449860636 17.837353331906545 79.94673524044227 1.060615465498868 1
1 15 2.6613e-005 0.0033900000000000002 0.625 0.06955 0.738 14.671 0.039329 798.403934428201 1452.9745154441257 2522.1500764842444 2874.9053818364887 22.405561769796034 17.067000795068324 122.29067791878717 28.832136248290624 10.489677766928827 17.292113339180027 16.602897817393853 20.39197546131079 81.2412944805868 0.7736755655201205 1
1 22 1.068e-005 0.00168 0.242 0.02771 1.456 21.377 0.009024 997.8981181152524 1482.4946062838333 2399.2526106446558 2872.7097882222306 18.717239977139137 11.801354357989284 46.03231292792951 80.33066195825877 8.3926403386931 16.94778510053456 17.45335185391279 20.407560916997443 81.92295356867554 1.1442036312508133 1
2 1 4.6565e-005 0.00716 0.53 0.06016 0.776 22.802 0.006674 309.2521591558671 1094.244818937861 2553.3332077585264 3213.662863437905 1.6774914332277289 330.8589363343929 144.8434899384753 111.24778155505417 27.081460070837828 22.961040861393172 16.400131354873366 18.24242382951281 88.58840152431262 0.7480530011368335 1
2 2 1.2144e-005 0.00208 0.236 0.02743 0.682 27.963 0.002215 343.3751007838762 1922.14773087541 2422.4855776829395 3040.966684664712 1.280478007747545 91.22481871523739 12.055510806316674 25.627916246736543 24.390236743669167 13.071315797645397 17.28596462483489 19.278409163651794 86.29419686829348 0.6711339172475849 1
2 3 7.873e-006 0.0016200000000000001 0.275 0.031030000000000002 0.906 23.304 0.00552 415.1839940927086 2032.0968373638361 2488.8321379284293 3085.4233666575983 2.252271197156222 45.66046512371821 4.320124916418464 31.620072620192868 20.171779546323027 12.36407612965617 16.82516042839856 19.00063395951647 85.21920473479693 0.6851314944214546 1
2 7 2.8814e-005 0.00385 0.518 0.06071 0.511 21.791 0.009205 349.78500215033176 2355.6150527674413 3325.667903843902 3689.0559761525897 18.18439448946923 241.36566622837563 128.9474178046879 61.6783603714715 23.94327929589321 10.666004180302066 12.591455674693098 15.89159947123966 83.9637216613999 0.6153542347931126 1
2 8 1.3782e-005 0.002 0.439 0.05053 0.365 23.592 0.004595 346.42082267098965 1673.1579760136403 2935.751127309249 3431.5306685272103 4.063436403424805 864.3501451803709 243.40627089901903 240.17654216259686 24.175798485283572 15.016513897785806 14.263811264676363 17.084212750213144 87.48770028509442 0.2370879478950187 1
2 14 1.7171e-005 0.0022400000000000002 0.719 0.08071 0.474 17.549 0.020088 300.5537819594533 2089.930584269779 2751.3553382303926 3454.1457940690034 9.276314723442232 84.89992939472086 108.34963939871636 39.44709543132801 27.865229129373734 12.021930388074907 15.219771658768373 16.97235828917905 84.67469238482016 0.3478989149072566 1
2 15 7.0645e-005 0.009250000000000001 0.407 0.046630000000000005 1.599 16.808 0.02398 343.8203016761736 2418.966406018489 2677.5314333215856 3283.1752286544056 11.550102836235611 35.908241151991945 88.3286603976415 19.55216530578122 24.358654678536045 10.386667602116322 15.639405565466088 17.856189791011303 82.11817135619116 0.7183261517795233 1
2 22 0.000222745 0.035870000000000006 0.933 0.10054 0.278 15.984 0.030119 324.24315830169104 2390.531404378094 2722.207914552542 3199.972206795584 3.09305598320839 59.58380661156165 72.06083062563049 15.744005577133665 25.829380776656226 10.510215408166271 15.382733911007353 18.32047162019148 83.46701279416068 0.5859967123705518 1
3 1 2.9751e-005 0.00468 0.442 0.05079 0.809 21.451 0.009515 348.7919896438537 713.2502749804233 2517.3267243412643 3162.24495389345 15.151412969362864 26.586045224859436 67.25230644048952 93.91767469862629 24.011445929568474 35.22606423206722 16.634709986228696 18.53904452525702 84.73300948367532 1.5798658380406554 1
3 2 1.0436e-005 0.00223 0.253 0.029169999999999998 0.585 28.614 0.002907 430.25807816017937 841.7648823053887 2250.5320103570175 2916.171416075461 2.629020055005719 30.92643264178306 90.53237614239214 33.3394849965186 19.465061610957363 29.848002129987595 18.606711571881654 20.10341356369806 88.55693013334243 0.25384594847320824 1
3 3 7.101e-006 0.00154 0.19 0.02163 1.288 28.22 0.001696 438.29952887252216 874.9848466880023 2594.925581954167 2829.0733454009433 2.677049149767059 4.9253325121115274 16.344589564288285 24.157750952543182 19.107937490929494 28.71478299893226 16.137264317408707 20.722333019503782 86.86828852219415 0.6132452389206977 1
3 7 2.562e-005 0.00344 0.383 0.0437 0.641 23.455 0.006331 375.34170148883584 651.4830101398084 2304.7777671737126 3296.5713800865665 11.649047866692165 42.424966409373894 80.34768894680981 60.315585453141324 22.31300163765338 38.56585606830817 18.168779912932862 17.783628273342753 85.07790700489267 1.1686399317378708 1
3 14 4.0891e-005 0.0053300000000000005 0.405 0.04626 0.424 21.834 0.007249 340.6310613990288 1025.2484351353482 2363.6182038367074 3467.9241971172564 8.89453115423861 83.16893396587996 114.35626716457556 22.09515583248411 24.5867184442971 24.506255400119798 17.716482269440572 16.904925444660112 85.50628533550506 0.5356886587892166 1
3 15 1.1766e-005 0.00154 0.256 0.02943 0.669 26.628 0.002388 371.64571755720357 790.8982297207577 2791.5307310341304 3338.5654567478623 4.993401399459423 6.395572082942421 17.05475377730387 63.58280906629704 22.534902473915693 31.767677630117944 15.00073043598101 17.559937272311963 87.10803046409843 0.5602065267349123 1
3 22 1.0022e-005 0.0016 0.704 0.0819 0.276 18.334 0.018277 390.58419846596996 961.3597590268795 2873.6891154573505 3106.140611026225 10.523910705126685 28.251742143476243 8.124757812936565 41.11355186088138 21.44223968325662 26.134857179202474 14.571861574990011 18.873904095613728 86.25126016293238 0.43562980878900803 1
4 1 2.1753e-005 0.0033900000000000002 0.294 0.03391 2.908 25.13 0.003394 451.12593016498755 2334.7151563319685 3057.529751039403 3634.5237786637563 11.571114810953153 226.83431759215682 85.53433663668369 74.26809898645769 18.564661084626774 10.761484085910276 13.69569666027441 16.130036167091376 84.806257181387 0.8395917023312882 1
4 2 6.673e-006 0.00132 0.252 0.02889 0.882 25.248 0.003808 456.9637760507246 1928.4337929275887 2309.2416630239363 2915.1260085557774 8.605555372831246 29.495559357964748 11.954387188620256 20.48718747021327 18.327492109725444 13.02870759273374 18.133658625041853 20.11062294663695 84.15091083654923 0.3900013431213221 1
4 3 4.791e-006 0.00098 0.163 0.01872 1.012 27.868 0.001832 432.8424120081406 1668.1677599755933 2355.076021262541 2865.9726226551566 2.4812431850811776 28.04115552763028 11.73568797655793 19.50278160243788 19.34884329182254 15.061434828573596 17.780742371768994 20.455533851432033 85.35084408862946 0.26867809026514566 1
4 7 1.7836e-005 0.00247 0.316 0.036520000000000004 0.373 24.807 0.003647 404.72190933159595 2240.874638582526 3297.4561839370813 3658.125287258479 9.452158136064904 494.34477848196843 282.83412586027003 89.02914286898945 20.693221214120662 11.212139924031144 12.699183147295768 16.025968329787723 86.48913585453151 0.21209090063168587 1
4 8 1.1433e-005 0.00178 0.41 0.047 0.482 24.299 0.004255 446.61405785249207 1456.3328184919185 2741.069244031435 3311.233146369541 35.04738416145103 660.540623985307 263.28230795003145 191.95515295170586 18.7522086525232 17.25223773094517 15.276885139323307 17.704884376467678 88.22445004427495 0.34246978218242474 1
4 14 9.717e-006 0.00128 0.357 0.041299999999999996 0.668 19.542 0.01232 390.54768477423175 1910.4618010898032 2373.237315760364 3477.4496228988855 12.477430022937963 39.708824714032716 55.17820834307475 17.21685104603696 21.44424439448778 13.151270538708339 17.644674521976167 16.858619493423113 83.28559945282166 0.4860341448423325 1
4 15 1.4863e-005 0.00198 0.227 0.025750000000000002 0.6 21.772 0.008046 401.3946733993255 2274.670229449184 2619.9036191746577 3194.0316852650867 1.522794857796432 18.413492816520304 38.1425138926422 33.66542053168827 20.864751216237924 11.045557142621096 15.983412402472952 18.35454553267353 85.00828634352494 0.4918577956926618 1
4 22 5.2605e-005 0.0086 0.404 0.04627 0.538 15.228 0.034732 465.0330769037255 2134.681845397443 2692.9320067017766 3157.2157779953054 10.041750319713678 74.83020805982419 34.066864400463096 42.29951495597308 18.00947161815299 11.769903816895082 15.549965574989493 18.56857564459035 83.71545959658909 0.2516900293221979 1
5 1 1.1535e-005 0.00182 0.269 0.030390000000000004 0.51 26.659 0.002632 591.1103944209713 784.5340636840283 2174.7613019686296 2857.5747186917956 8.919463502492981 31.636376062512696 321.22864296650084 22.999429241119092 14.168250260941232 32.025378072199445 19.254986725253048 20.515649028011648 86.02037149614338 1.1499792903549686 1
5 2 1.001e-005 0.00183 0.165 0.01899 1.156 25.807 0.002949 623.2204440952831 1125.36100486717 2295.300702912556 3057.621515957565 7.424375373263587 12.223561123938412 64.38061775841402 20.95030795900676 13.43826262336086 22.326169017172923 18.243796966063712 19.173399877662828 83.62938608527242 0.2841836568107078 1
5 3 1.4836e-005 0.0028299999999999996 0.287 0.03259 5.2 24.948 0.00498 495.53524877050415 997.2238174809004 2548.9720737425014 2957.190480385865 12.890263524198422 12.983532658340385 30.317913096036197 71.60936700293684 16.90091677792772 25.194945768010815 16.428190968180154 19.824559962857176 85.04479711676024 0.5305096770810943 1
5 7 2.1609e-005 0.0029 0.293 0.03355 2.357 22.163 0.007121 533.5186544725387 833.8449190981306 1929.943398452473 3174.2117391889064 12.93623039409744 65.24832815734378 427.0878924594276 79.20927362602664 15.69767041844097 30.131502182893527 21.69752752001821 18.469152286287056 84.64298354062282 0.5296143530193995 1
5 8 1.2175e-005 0.00182 0.305 0.03531 0.642 25.401 0.0031 462.1598169743413 897.2454679839239 2795.042456902165 3182.376287507899 6.788872011166027 18.583794960781223 24.587448186311175 45.60619813427067 18.12143698435161 28.002370473327563 14.98188333296783 18.421768736188298 82.97180300615273 0.19109606746667568 1
5 14 1.7087e-005 0.00223 0.382 0.044000000000000004 0.396 20.557 0.009565 594.774998625701 1137.482374364609 2436.2988991768234 3228.6285155452665 11.776596106467064 29.918341604823055 101.37087386686649 29.775787979355556 14.080955015512492 22.088254346828606 17.18795670520917 18.15786477686459 83.14926080626427 0.38061951078145734 1
5 15 1.4722e-005 0.00198 0.202 0.02308 0.907 24.737 0.003776 583.2751834065994 1008.2017795987178 2770.1270558727865 2957.49302880279 7.818164167451018 18.921293732235277 41.55507900474295 63.88384802165279 14.358574200064695 24.920606676572415 15.116635141779229 19.82253193128632 83.98504819929624 0.12907756353068717 1
5 22 6.6e-006 0.00115 0.279 0.032080000000000004 0.324 21.159 0.008597 713.8743038965627 1226.0381416744722 2738.1753299619736 3183.623574408541 6.362879615690733 4.941518021278744 13.15723929269337 51.21968156484136 11.73175719350938 20.492837168740373 15.293030925299272 18.41455141595735 84.09853369277525 0.21167142119580218 1
6 2 5.332e-006 0.0010199999999999999 0.155 0.0178 0.641 29.62 0.001274 399.0547726186933 1436.5189714227504 2236.842061953417 2824.95170493932 1.4671169966960502 21.05486234681681 17.432032435463913 82.47488917028649 20.98709393961445 17.490197136147682 18.720588597762188 20.752567166899325 87.39651225409175 0.16942726491240492 1
6 3 7.629e-006 0.00149 0.188 0.0216 0.765 26.101 0.00264 420.350163210941 1363.1869410166119 2259.816318047101 2731.9562622674234 3.879525148438978 11.581169375281302 11.670519838759974 69.06091827243237 19.923865227089827 18.431074450627257 18.530267113119944 21.45898190600731 85.3678754320724 0.7042955486282299 1
6 8 1.9043e-005 0.00303 0.265 0.03042 0.423 27.293 0.002085 324.4825812772358 1435.1330943124299 2605.2229327880395 3201.188979902699 1.8261973766254953 65.27417319300264 60.31638107083333 20.832745755104153 25.810322289209278 17.50708704270899 16.073480496805892 18.31350800219921 87.21365790494514 0.35477092158634166 1
6 14 2.5369e-005 0.00334 0.294 0.03373 0.497 24.783 0.003563 299.5700703278417 1448.8386410696994 2288.2441018440145 3214.032314476759 8.363141717222533 36.39363969115784 53.40226041393105 19.317833984654552 27.956731427924755 17.3414756397233 18.300058095311783 18.24032687410739 86.69503683938396 0.33287032312438974 1
6 15 1.0347e-005 0.0013800000000000002 0.242 0.0275 0.441 23.76 0.004532 365.1465764490317 1327.8703454873971 2418.097863571213 3201.6511446945897 9.228619050725412 30.024006591466772 13.614372846248468 13.678224978207812 22.935994858407245 18.92127502160448 17.31733054763802 18.3108644104298 84.64819880162654 0.44513566918234204 1
6 22 1.367e-005 0.00241 0.434 0.04992 0.779 22.186 0.007856 359.60589910636804 1467.7344277655181 2442.5554175876414 2887.842373840032 3.4477104479581993 16.35510596028623 36.71750657821684 83.3389109587961 23.28938435329381 17.118219430370896 17.143930368366956 20.300623237287343 86.14005909548334 1.0438553833306332 1
