1 1 1247.2520930471403 37.2250665261913 -55.087959782462065 59.085251095934034 -5.747598838080845 2.2783045182396395 -0.8759889657938359 3.7117556606739166 -14.332066619251616 -18.165731895343328 9.115537812483097 -4.952228874494918 2.3938313104292535 1
1 2 1058.2505937303436 173.12638888564194 -32.591904456841405 -47.30237919065372 -9.261165426648603 25.119354219868587 -5.6739986622036795 -15.112393107279821 -22.661476384199933 -15.798022499909228 5.42444729661498 -17.625588033990834 -4.020200077018718 1
1 4 1106.2140074079487 199.51994214331037 -11.9829022938617 -50.31051776917834 -12.026512242748831 22.903064299497103 0.23028574618666808 -3.8099251433855654 -10.65720426243887 -23.662144028105757 13.42465163641236 6.324064359840311 -3.1474312249119034 1
1 5 1153.6703267427376 204.20088151084434 -47.653569331230436 -49.20258975017013 -38.95331038497414 27.481103825673877 2.407226123540032 6.551606495775918 -21.408214146121406 -25.964518574089183 12.342331721056484 -11.800333460009618 4.039377549318894 1
1 8 1251.4348790115823 85.23433413433395 -15.204577162850333 -17.024222739550897 4.296284436603044 7.677089235448791 25.19038793878263 -17.25891139084013 -23.93090370488249 -26.062923181489726 13.005649212944117 -13.785994525622202 0.9500855401483685 1
2 1 1169.4814156492166 75.91329510480978 109.30482805352356 12.35833988727349 -57.05614709308424 -2.757826191453192 -50.706604206088386 18.630570155091753 -6.656979982787704 -21.875241034140807 -6.341337203949353 13.450697323533591 11.090936374345144 1
2 2 1067.9772421170069 178.63403328890462 147.70907324890274 -26.378417540800022 -52.69060754027259 2.2095718788318437 -22.926038481929364 -14.305202635928982 -14.19938898535362 -13.307755784463652 19.4488450483798 -4.340739781461251 5.273549260567412 1
2 4 981.5124111145155 173.55476470542933 140.4945670762784 4.726356649213471 -66.15281583959889 -16.306019104380958 -2.127811125399509 -3.9630094133421028 -4.145998051590928 -11.363331805463277 -10.545736117482337 1.155337355486106 13.61226283071937 1
2 5 1058.2734488824901 188.00328988678922 141.66657258063978 -24.725630625387186 -46.92362292326894 -25.023932289319045 -6.476767608594826 -7.503147572008471 -23.873023129027935 -13.511537428662006 -7.037600593067609 20.533831905101213 -0.7936774656704043 1
2 6 975.9332823295643 150.93532570195862 210.06226765155142 -74.85188645177195 -20.65461111546319 -59.120155661238805 -11.43505210792746 12.066034687760515 -25.869270861046914 -6.017689698414411 2.7681482036289906 1.61386070691571 9.971640001340537 1
2 8 1142.2636289485283 95.67294304824345 164.22064201041067 -32.44268408376255 -72.57671402461872 24.699031727857857 -23.985006840824955 -3.3396095141006983 -7.1928047081691 -11.352856080326916 2.0098192299829636 -3.3390099406871814 2.696736806588106 1
3 1 1174.5286269903697 178.15539779428534 20.022515678218234 -56.966651046341426 -22.945543859461793 27.47050847515589 -31.705770022228783 3.2074441204896185 -18.995481061171123 7.218156985209582 4.303815577324634 -19.316407076051814 9.957286753119059 1
3 2 969.5173357967166 271.44329407340587 68.93562826212454 -57.14027751392949 -18.599028435289558 -5.74012587243839 3.100235101693517 -7.878991972802337 0.43823376715316126 2.1484793000197433 -1.6081061559690002 -13.084722002342499 7.571921104012216 1
3 4 881.6676282453752 247.45659300402068 44.175079400596765 -84.68696997342317 -11.310585156330294 15.79928614487225 -2.887124835167955 -23.138954628306948 -7.901941810482425 5.253575697013806 4.671158719828119 -13.105395029151197 -11.441922156788515 1
3 5 942.7711080614203 263.36016361935003 39.911840795465615 -73.37636105657666 -35.67269527216076 -14.887023048853495 15.487327419699072 -14.419902537523962 -10.528760361379671 11.212276583072901 11.080567025242567 -9.770743776653871 -11.220127909634602 1
3 6 975.2201176169581 266.7394090068768 96.59336879775955 -113.25753452953282 -3.306599664427483 15.113761196998908 -18.2816806799837 -29.700191900348518 -11.973218791788673 15.551635926955218 23.25097421584069 -23.261249271322104 -8.717948106407425 1
3 8 1056.2842191901423 216.50807453305717 66.87067866949548 -82.26970822952109 -6.697498601970283 34.27740976581219 -9.12080762080693 -34.28059954082169 -30.566818003784437 9.421275543839963 26.477606973783086 -10.53340548796667 2.1844818394464816 1
4 1 1242.2164956097465 36.287933907483804 71.23075729271683 -1.4430159155854814 -77.35737348142055 22.56240960150061 -13.412106023635424 -3.8145807948828456 14.380461319827422 0.60186846961948 -12.159593837063296 4.691219144257864 2.746694090798364 1
4 2 1085.3416543111098 168.32489291764244 100.71671507451413 -27.954458260613272 -109.92414680007843 22.26409346734894 1.4584424502254003 -3.4506941671334928 1.3216512279090051 3.7143358851617534 -1.177188458957281 -7.98820675481758 -7.890623400712852 1
4 4 1068.6201776041291 216.26230223599407 61.46032447432075 -28.537449054454065 -68.1841811465786 -5.001057645662291 12.434311761243622 -0.6977031438977833 32.57395271782791 -4.449184133112201 -5.957935227412756 -5.48119138853032 -0.6462090130827998 1
4 5 1152.9140289521054 174.57836015778724 107.10133798362607 -55.87979555137261 -69.23503623484906 -9.682979291077753 5.772270065015933 10.580455646959509 -14.402760029368165 -4.072330768661505 0.8847924641597726 2.2169389287604258 -3.527893643339447 1
4 6 1120.7722354200885 123.71507918605703 139.1611145344341 -47.17299910778846 -64.91918667116622 -4.641385194477247 -12.171443140962266 -10.78702719703825 1.5229097779441823 5.895072701625867 -1.4683068410901985 -11.345001187575033 4.001736269316618 1
4 8 1211.2506975739866 123.01636247997384 108.01006543554806 -43.38721633830485 -60.369469819952116 1.8476893519969768 -7.822296127046666 -18.41727453448664 -10.135417395255029 6.813586490757544 7.270225931083524 -12.07302359602354 -5.459189155163904 1
5 1 1247.8186504697662 122.04810540424116 -9.725350815118539 -58.51615939977242 -30.77859135224865 24.810914853812736 -15.237884578937816 6.715724052444755 -6.400512420359978 10.281355637511943 -1.9450272503928998 -6.55962997728124 -5.721673448253024 1
5 2 997.3234393170995 272.19108566460255 12.175653611013134 -94.55875738291157 -15.974068957109964 1.0294741048749179 5.925459791808387 -25.832647145585078 3.001578070258268 9.008654918807768 7.063221014709564 -5.968676011665581 -3.4600903578014597 1
5 4 969.6694417876021 276.00672225678267 76.51037219561269 -93.27463407006422 -18.016721739217637 -5.46483303282217 14.123900324249083 6.816654145413583 -4.636358282955291 10.157161426383334 13.589579823042477 -16.282049307599227 -13.653357110570937 1
5 5 1081.0670527201764 246.995323884053 -2.412128974975987 -81.76933090732565 -24.26240265685347 15.897667664379432 -6.426662794534269 -1.267040581375207 7.926281448399346 -5.4585804108412646 -5.278307507696196 -16.894052634148533 7.621579407940897 1
5 6 987.8330468499144 250.93282599649066 85.71942612923668 -108.80098903707109 6.348126272894587 -4.66153287966619 -5.797241899379275 -23.255534437485185 7.793070292772307 6.074691616298295 -2.191554685843074 -10.13050625328342 0.9482674458726644 1
5 8 1156.05284446765 226.16306234337256 -10.768079129555675 -44.86439452865122 -48.76488583914043 38.8435219450219 -45.45963484553995 -11.568764615882113 0.1813567051788839 10.398909060571242 2.1000374781687525 -15.889616618242437 -4.924559257764518 1
6 1 1289.9270204161437 29.557547620637816 45.96057497228628 55.757476614378575 -28.51322023704494 -7.808906245778732 -37.35387883015617 19.4161926335105 -9.219376970764776 -8.01353774534529 4.604559053927242 -6.693297927540684 -10.840989959874635 1
6 2 933.4700409858093 208.14893029747904 70.75283225928227 -2.397461406384173 -1.2770651028758746 -18.01793667820922 -2.5324655091824884 -7.884375540811069 -10.282681056454205 -4.718986579765577 6.740459219206596 -0.16069881649336304 -19.789982539447465 1
6 4 942.8690230906942 249.4022393419406 103.098282467889 -0.9750078462873055 -3.7049850028443867 -44.41738520282557 -9.532547468804163 9.106082453706938 -17.49209311101768 -8.4268544351862 5.186705831180742 -7.845371103504701 2.715368379389784 1
6 5 1039.1531473282766 203.63165066065991 107.51061884113403 -9.21937984022496 -26.475745300586855 -17.495864160830106 27.125500030722314 -6.207261086298412 14.11752885907249 8.39833311366724 -8.897946789340766 -7.01692351976356 -16.442425135675457 1
6 6 881.8843803409203 203.76507263197834 151.4230211415392 -28.95567243844209 -1.8754379273768813 -33.64799329295965 -9.904449658266575 -20.35778653164003 -11.667313427404263 1.6241555253609687 -1.4901057007148106 4.500058288972293 -2.344095312219933 1
6 8 1094.1733101819586 187.64223051284046 36.19070561943887 -1.807150785305318 -11.068343539530899 -6.250554987378473 -29.58682198433315 -8.934625992225172 -9.32916392047821 -9.064318141440902 1.2797279580571521 0.46076234955297857 5.983643674541149 1
