1 1 5.9565e-005 0.00791 0.641 0.07414 1.46 12.524 0.071742 689.0932151088803 1427.3213792123252 2109.5477056031755 2539.456898590739 19.640035434126485 23.256261582083884 53.129373626653525 84.79654324583918 12.153653259634412 17.602903148459365 19.850226609607216 23.085644821352826 78.09848338635928 0.8000791982582902 1
1 2 0.000103127 0.01323 0.752 0.08526 2.438 14.264 0.082114 567.7010990797569 768.2596818174303 1956.6090678965063 2905.238837165788 49.901729151477426 70.79775407528342 177.63395626440305 119.55632729784307 14.752481567458421 32.70378570506674 21.40182251379352 20.17906385183524 81.51670102509137 0.8456188366690332 1
1 4 0.000348727 0.044320000000000005 0.564 0.06598 5.37 12.198 0.242127 494.1889050977109 736.3869038682802 2196.216308212875 3183.7452080959347 28.533759029157327 16.034483956948478 64.76266363338792 81.4793279177712 16.946960794969886 34.11929227423385 19.066883277118958 18.41384789552967 83.0959866292975 0.639460150468103 1
1 5 4.9287e-005 0.00588 0.563 0.06476 1.049 18.74 0.016739 591.9682560868964 744.3733208461797 2094.9874632598785 3107.702466632776 28.305883059932196 42.13072908432632 136.3234981313491 131.65584605373434 14.147718080968541 33.753224754802744 19.98818643756509 18.86441853087716 82.2837029054387 1.0556600390503579 1
1 8 5.8789e-005 0.00651 0.488 0.05598 0.822 14.819 0.038888 675.4228829333812 1248.8361915310861 2198.458383987408 2913.1287436170987 13.7536345786961 69.00391226129095 47.56299874185548 152.17933446346916 12.399639117388402 20.11873148006424 19.04743810708397 20.124410954528575 80.90348555164427 0.6317537551065338 1
2 1 3.2262e-005 0.00471 0.634 0.07279000000000001 1.921 16.28 0.029799 312.92257895459454 2011.0246912702335 2387.0177021763857 2962.668341155752 14.053824485950214 76.28796082968438 20.087284501583483 18.29256138244444 26.763808568812873 12.493630788854299 17.54281083119747 19.787905107572755 83.87185373234452 0.9077790404193535 1
2 2 0.000119544 0.01579 1.129 0.12489000000000001 2.687 14.714 0.045059 295.95240015018464 1598.241122316368 2768.6084880093968 3460.262101969429 36.08516962796175 880.2855607932864 379.7443831256769 307.388182796372 28.298469604402616 15.720406420018621 15.124926540302464 16.942358200736653 85.83560252928562 1.151272427762627 1
2 4 9.0617e-005 0.012090000000000002 0.952 0.11327999999999999 1.245 16.758 0.036103 283.53252202779254 779.2660168102344 2456.721300133323 3321.387116165408 29.303285539122207 561.9706088897914 273.9561886942812 170.50887097407406 29.53805771592954 32.24187820077672 17.04507548240311 17.650757936245462 83.72824478308111 1.5133646484029597 1
2 5 0.00010617 0.0138 0.968 0.10244 3.654 18.187 0.036036 277.6792839499826 1057.0377605184642 2727.1812553216078 3339.0236333271523 45.47639729363499 842.1480455255261 250.67396708715057 264.82756958496077 30.160694312034305 23.7692549296219 15.354681658319706 17.55752772003696 85.17081262968122 2.2535555377472285 1
2 6 3.1528e-005 0.004050000000000001 0.442 0.05097000000000001 1.08 20.566 0.009538 284.3483238090062 1840.4711142537938 2880.6796850109504 3507.7196233594445 8.639092261339648 399.0952718757896 191.71120523461795 79.8495133776009 29.453312359335023 13.651395996066343 14.536499916283063 16.71313739262123 84.65155881125094 0.32686769440446234 1
2 8 0.000299002 0.0345 0.369 0.04183 2.663 15.885 0.117531 289.12967559519944 2077.0791275667907 2420.3746638599064 2944.2264477443273 7.916385952449519 268.77817398812886 134.49276358344719 152.12218095662766 28.966241471959975 12.096313359728795 17.3010404650409 19.91185156458146 84.21908635729724 0.62658214828708 1
3 1 9.5309e-005 0.013770000000000001 1.679 0.18934 0.724 10.838 0.137044 422.6294896571583 907.825143554147 2441.039301524899 2739.6251727559043 37.60908383914247 81.3160447189296 214.948063813999 120.35084865757214 19.816411786110553 27.67603450774155 17.1545783690746 21.398912735579316 83.4273126493577 0.49477746607819817 1
3 2 6.1514e-005 0.008199999999999999 1.383 0.15168 0.981 11.121 0.118706 354.53775676438954 665.4933030125126 2436.0675685046813 3306.13402903157 35.55503023962617 49.915259952533965 107.55595108712275 63.739071489694254 23.6223077520222 37.753948666749544 17.18958888554307 17.732190977500203 82.95413750256175 1.7377443113730835 1
3 4 8.1502e-005 0.010780000000000001 1.119 0.11465 1.193 11.24 0.124348 341.22545979039234 764.8783707653489 2587.3685255427354 3353.4552257152695 39.35480370201337 38.19321697994053 83.88571081597613 62.46269253653524 24.543889559543967 32.84835989656701 16.184397230856842 17.481968910885243 74.4756873649317 2.8120058441690827 1
3 5 6.474e-005 0.0084 0.866 0.09425000000000001 2.617 15.423 0.051987 332.12958057236233 700.3179657618485 2497.323347296835 3316.731919532969 32.186420479811474 36.70215800726668 119.24661852195152 76.54502601286204 25.21606171171889 35.87656068864019 16.767952794469544 17.67553164449149 81.85864778937491 4.694597540885559 1
3 6 3.4508e-005 0.0044800000000000005 0.328 0.03577 1.913 25.944 0.003314 319.2366869734169 722.8498378238398 2572.6915059977073 3316.9147788379682 10.697534623625527 33.77689933441342 102.39409400159171 52.67345077074582 26.234453437669565 34.7582563975383 16.276728050128416 17.67455720419154 84.14857417727332 1.2157191103787297 1
3 8 3.7839e-005 0.00436 0.434 0.0514 1.181 21.669 0.00968 314.2014620103383 747.5686026020917 2431.2126708494543 3268.4235632723075 7.69818907750661 13.82613772805444 92.3029760396833 64.90939367190482 26.654872788989234 33.60895563637426 17.22391483973678 17.936781712987447 83.68760444647499 0.4815672365578052 1
4 1 3.6272e-005 0.00453 0.387 0.04455 1.926 14.711 0.040457 475.03332585853553 1993.508719272779 2439.507475070845 2929.43963562421 14.112496620117295 16.530213015457203 47.960078003244824 81.56331419397677 17.63034200782382 12.603406123633842 17.16535014871554 20.01235979983185 80.79342038751844 0.2372480306414506 1
4 2 4.5947e-005 0.00604 0.811 0.09072 2.791 16.245 0.104191 399.8996091731218 1776.6284659141556 2571.408914859689 3356.131458109176 14.989444577497478 567.7124011100732 274.13448387456185 369.99120878907183 20.942756151517898 14.141955103185882 16.284846707193182 17.468028511919186 84.54696170398782 1.465958309603789 1
4 4 4.059e-005 0.00542 0.422 0.04851 1.511 20.881 0.009973 397.48045152804156 904.1544112730522 2448.642797474014 3291.272090891361 62.65335796784758 781.28377741882 413.9449381886776 186.7425733529893 21.070218592647336 27.788395086878936 17.101310180152723 17.812261758073863 83.75798200321268 3.033289363777804 1
4 5 4.4633e-005 0.00553 0.467 0.05481 1.761 20.819 0.010222 406.93825377967437 1798.6005042658899 2857.4192460092722 3531.5885315952955 80.02355498494858 868.4678871314079 320.00085093714046 248.44074870499395 20.580517860418244 13.969194348833415 14.65483234862488 16.600178496309084 82.34234093167228 0.8299267919179783 1
4 6 4.3463e-005 0.00526 0.383 0.043280000000000006 2.063 21.11 0.009714 360.43905119727486 1505.4203115802 2541.6743108179708 3391.445133766365 5.643201392146232 239.9353827014933 108.02523323089655 121.65212136110152 23.23555112072529 16.68969111598272 16.475360285843877 17.286141360893573 84.25592595100383 0.7290188542598319 1
4 8 3.1714e-005 0.0036 0.384 0.04349 1.089 22.157 0.007357 370.1053169843267 1461.9923463129921 2426.400704959426 3155.340962360186 8.157259071597853 239.4262989784511 82.50679773820644 179.04348052024466 22.628694092375515 17.18545248431902 17.258072796636544 18.57960857458291 85.52415592494168 0.4940402944358933 1
5 1 3.506e-005 0.005 0.37 0.04262 1.481 18.428 0.016636 558.7546141693799 917.5297107804371 2346.102777542883 2635.785081938846 14.519795847970071 30.17830352727898 114.48259411023922 45.932529495451384 14.988690540748209 27.383309450142 17.848749168549414 22.24194999877467 82.41485611759444 0.41330410962440484 1
5 2 0.000112998 0.01478 1.44 0.15037 1.696 11.516 0.101832 405.646422247074 758.8515641930725 2408.3751048908293 3324.7797656712405 15.616838006578652 21.252944409559568 108.13501881568975 60.113897439449296 20.64605908171648 33.10924189332964 17.387241677993586 17.632746868021254 79.81187420996747 1.373240058688543 1
5 4 0.000103533 0.01388 1.187 0.13213 0.956 12.327 0.11588 394.95977628938056 722.548676062977 2463.7277972099796 3315.519539232755 18.458145263710293 43.55651226892843 103.88038657358996 59.196553474444016 21.20469096545106 34.7727438058583 16.996601673050435 17.681995025602056 82.72585668224282 1.6173877683670217 1
5 5 4.2866e-005 0.00555 0.65 0.06651 1.496 18.749 0.020441 407.398489654767 749.746335296502 2375.075090118877 3271.057027193341 27.041612659342267 30.17191297716176 112.25874599436445 63.513414406543326 20.55726816046139 33.51133419020157 17.631021509262712 17.922341161475224 82.51891825087128 3.959141498841634 1
5 6 3.5444e-005 0.00435 0.337 0.03841 0.971 24.927 0.004512 359.21151457511 765.1750874795948 2583.0995405964263 3248.4055497550253 6.637910977509786 24.397480039672118 56.10625834442594 34.57103069752624 23.3149541709605 32.835622083252964 16.211144534651286 18.047315552832107 83.68660212307802 0.924953943794832 1
5 8 3.4474e-005 0.00392 0.427 0.04858 2.856 19.833 0.014823 362.55941794018736 791.8482153960935 2435.7100978858903 2855.3658819819816 20.858354529696253 59.578414467198705 65.2856189619774 137.29615346822104 23.09966197425232 31.729565731776166 17.19211167057443 20.53151939999609 84.30932503892115 0.6764689926641175 1
6 1 0.000128732 0.01838 1.109 0.12723 1.428 10.755 0.177489 984.5638271711092 2021.7662508464973 2550.793523052326 3159.967151686883 595.0915940005474 405.8340783146868 163.162189438842 358.4860100675006 8.50630479088736 12.427252650735644 16.416460062942146 18.552408042819135 83.49976647321691 0.7079871824767549 1
6 2 0.000186715 0.02472 1.074 0.11718 2.269 14.655 0.096557 275.12310572613956 941.9853270757602 2204.804622864155 3232.623135997379 12.339118127923745 152.03480760454102 109.24447704091136 68.05942414725563 30.4409183586949 26.672389980846585 18.992612572447445 18.135426721157863 78.70517206754852 1.7556484480101104 1
6 4 8.0955e-005 0.01107 0.817 0.09371 1.639 14.801 0.04359 279.9798417702695 893.1430336557245 2304.3397944285007 3234.853807013602 20.68430889014409 134.55639713659446 135.86390266898582 76.69164111837928 29.9128678230767 28.130992521053255 18.172233149488886 18.122921002764652 82.68410025545707 2.2604044244743324 1
6 5 0.000261871 0.033330000000000005 1.684 0.18911000000000003 2.228 7.783 0.264447 304.29419918340903 1023.0968849583272 2512.9659987271893 3323.9619888858506 27.373087572030084 221.25708704151708 132.4132559961896 59.292196522265215 27.52270671762654 24.557791514557678 16.66357603772179 17.63708495946139 83.31034725283955 1.9868320237553803 1
6 6 0.000153174 0.01895 0.335 0.03857 1.321 21.968 0.020163 257.38467294403637 848.0770240959176 2983.0588995161334 3275.9465907295166 20.27574973571659 310.7328726071804 89.12028500821796 100.31665453876616 32.53884508430303 29.62584681124242 14.037604154176215 17.89559090062725 85.90422643521015 0.5483508796887561 1
6 8 6.263e-005 0.0070999999999999995 0.489 0.055400000000000005 0.557 20.542 0.015681 269.184981277093 1093.4847203660868 2182.7958848614226 3117.564619752839 12.982258608158547 117.13329672574682 134.49933036214532 109.68032635412796 31.112434134573657 22.977001445057617 19.184111666335895 18.804742531575112 84.94759331051088 0.5315461177177893 1
