4.808000000000000000e+03
7.216000000000000000e+03
5.712000000000000000e+03
6.312000000000000000e+03
5.413000000000000000e+03
6.611000000000000000e+03
4.507000000000000000e+03
7.517000000000000000e+03
5.113000000000000000e+03
6.911000000000000000e+03
4.209000000000000000e+03
7.815000000000000000e+03
3.909000000000000000e+03
8.115000000000000000e+03
3.608000000000000000e+03
8.416000000000000000e+03
8.718000000000000000e+03
3.306000000000000000e+03
8.967000000000000000e+03
3.057000000000000000e+03
2.078000000000000000e+03
9.946000000000000000e+03
7.016000000000000000e+03
5.008000000000000000e+03
7.644000000000000000e+03
4.380000000000000000e+03
7.413000000000000000e+03
4.611000000000000000e+03
8.312000000000000000e+03
3.712000000000000000e+03
5.269000000000000000e+03
6.755000000000000000e+03
8.003000000000000000e+03
4.021000000000000000e+03
1.813000000000000000e+03
1.021100000000000000e+04
5.514000000000000000e+03
6.510000000000000000e+03
4.908000000000000000e+03
7.116000000000000000e+03
2.409000000000000000e+03
9.615000000000000000e+03
8.586000000000000000e+03
3.438000000000000000e+03
9.304000000000000000e+03
2.720000000000000000e+03
1.111600000000000000e+04
9.080000000000000000e+02
5.867000000000000000e+03
6.157000000000000000e+03
1.082300000000000000e+04
1.201000000000000000e+03
1.049300000000000000e+04
1.531000000000000000e+03
1.093000000000000000e+03
1.093100000000000000e+04
2.179000000000000000e+03
9.845000000000000000e+03
8.841000000000000000e+03
3.183000000000000000e+03
1.140400000000000000e+04
6.200000000000000000e+02
2.529000000000000000e+03
9.495000000000000000e+03
3.050000000000000000e+02
1.171900000000000000e+04
1.007200000000000000e+04
1.952000000000000000e+03
2.936000000000000000e+03
9.088000000000000000e+03
1.316000000000000000e+03
1.070800000000000000e+04
6.054000000000000000e+03
1.641000000000000000e+03
1.038300000000000000e+04
7.340000000000000000e+02
1.129000000000000000e+04
9.192000000000000000e+03
2.832000000000000000e+03
1.060000000000000000e+04
1.424000000000000000e+03
1.199900000000000000e+04
2.500000000000000000e+01
1.155700000000000000e+04
4.670000000000000000e+02
9.715000000000000000e+03
2.309000000000000000e+03
1.570000000000000000e+02
1.186700000000000000e+04
