1 10 2.0491e-005 0.00601 0.543 0.06277 1.169 19.713 0.011742 588.4678403174013 1050.030964864822 1765.960935112461 2960.391684156117 35.42749578921584 30.34232738201624 41.82352176049201 121.61562459947524 14.231873734141164 23.92786578749563 23.712302558568936 19.80312278059635 83.53855310255702 1.1731048423443706 1
1 13 1.2344e-005 0.0032900000000000004 0.34 0.03894 1.39 21.627 0.007647 869.0023068662408 1100.8212900446797 1818.2165795944966 2640.943060458796 46.90759826909559 38.503034714505254 17.854132636979596 86.60666000266787 9.637488800463107 22.82386816753902 23.030809679086236 22.19850964519296 81.77699088042175 1.008257255512671 1
2 10 5.2383e-005 0.01447 1.323 0.13949999999999999 3.123 17.973 0.02634 318.35837460511107 592.2057922883213 2569.7537009302787 3242.7732755442703 52.5880156559092 206.51789005598434 183.33992081888414 100.51268384602234 26.30683113138857 42.426130117565016 16.29533600237283 18.078661385958387 84.69903580257687 1.9840849414370019 1
3 10 3.0886e-005 0.00905 0.403 0.04426 1.157 21.728 0.00946 382.4135069362667 730.0654511203737 1774.6310641731254 3103.0330526893986 32.0523464358055 55.52086942004929 345.6948644418183 86.55386201097359 21.900377073751695 34.41472262718726 23.596453846316113 18.8928055243207 84.10995192361183 1.9972664439286574 1
3 13 1.5963e-005 0.00445 0.374 0.042679999999999996 1.367 23.667 0.005144 534.8405445725598 810.3422480139424 1933.4931059194662 2931.9296482678387 8.041058004298359 21.54237270984417 142.5919553956372 84.22030892397542 15.658872695773713 31.005417848543065 21.657692945373334 19.995363815988966 85.91515537497543 0.40830168979178566 1
4 10 2.4491e-005 0.0067 0.372 0.04265 1.351 24.058 0.004665 377.627795319182 645.1503537248859 2547.387384829598 3072.1623817389996 31.579416386870324 33.12774235532799 145.08741304975948 101.84349868487354 22.17792255710734 38.94441017498714 16.438410682794967 19.082650171250155 85.62149936212022 2.2744604833907744 1
4 13 1.3312e-005 0.00364 0.298 0.034260000000000006 0.893 24.338 0.004204 536.2376521120685 980.21617558258 2500.668944201924 2792.261071807983 8.618510834849955 53.02574964027186 75.13711106805992 75.79243447568008 15.61807524520808 25.632100985343616 16.745519272789704 20.995529605704252 85.7600761657868 0.4658408489584179 1
5 10 2.1159e-005 0.006 0.445 0.047009999999999996 1.453 22.049 0.008279 489.7832384914418 726.6180367544143 1518.68596909545 3210.374785723638 55.98117425223698 137.89738372333872 666.0801374004592 221.9093607406917 17.099401003994014 34.57800209891 27.573178953474706 18.261107787384258 85.5475278845486 2.7473040991962265 1
5 13 1.4648e-005 0.0039700000000000004 0.427 0.049109999999999994 0.899 22.839 0.006728 505.25199300585365 901.8791531032508 1691.0432409630828 2690.5761747228576 14.198224299346364 26.752082076907968 151.54530764010133 60.23694915798163 16.575887113626823 27.858499571198745 24.762820361797107 21.789013279298313 85.26375704957746 0.5149604341541645 1
6 10 5.4525e-005 0.01502 1.402 0.1442 3.488 15.019 0.065432 411.36631659301264 1138.253874145562 2233.0449473440303 3222.4002134764146 89.32800059675226 574.3072455263923 406.50713274066084 290.2130866219482 20.35898337365781 22.073283096761042 18.752421463708494 18.192960562385803 82.39090407645585 4.206991226348187 1
6 13 1.5353e-005 0.0040100000000000005 0.233 0.026850000000000002 0.75 27.471 0.001965 300.9616019995797 1434.0371084707813 1909.6878148206763 2599.971933972715 3.0201330867311094 53.05516640875732 34.170215012959524 46.291955451201005 27.827470163491803 17.520467114545333 21.927667797331654 22.548320323759015 88.25637562055081 0.7882227016051475 1
