1 1 1163.4563511760996 159.84340275359693 -20.583555253091745 -77.0395783904828 9.48538097278363 -35.66322628086981 -19.128732760887214 -26.50919892331843 1.6803010217972947 -3.7178247640652375 -38.96914523775878 3.0854836673804975 -19.24485357724577 1
1 2 1264.0484282003283 119.79756421312962 -44.171193407358004 -3.60232456234662 -4.8992995973800975 0.05584382625418887 -2.5342775873860814 -28.363199697662765 -17.314560594639307 11.240529186865082 -26.396060357308038 1.8688464560640303 -14.092715391309094 1
1 6 1238.1314849585483 103.34679351397173 -32.180817594757514 -24.180273703497356 12.974821958249017 -9.054663339466288 -32.114518701990136 -50.03690794767864 -10.485567841644706 -19.668819486422716 -32.783501622802426 5.746747824924835 -10.277668973472563 1
2 1 1072.4892520733245 167.64205523629866 76.28976052609706 -143.1966506877396 -46.73017421879975 -26.73900764943671 -33.35282816936642 18.297386741162576 -19.158961244640256 12.980517960297023 -47.65285689051804 -27.14882724863056 -8.606913186470415 1
2 2 1105.0341749732645 147.4101144731896 84.84498841548513 -41.60048584748537 -60.81576561321905 -36.799270651292126 6.600828213682944 -29.32094706007004 -0.4320757664552173 1.5933217724779218 -37.078722554144534 11.051953036175394 -29.972632973156497 1
2 6 1217.639951497297 105.2294100388303 80.35080644042765 -11.884896781139403 -50.86015884057509 -54.54539509388143 -14.455424345011261 -18.476246863754568 -6.636377108720029 -20.99611883608133 -25.25675497413508 -10.64322977223966 -16.86076281702814 1
3 1 1017.7259800289482 217.91873840122375 -25.001047968106835 -149.80884182250884 -34.718665451510155 -32.23323031984517 -43.40409618325845 13.490579251241543 -1.9594972772667956 -14.257122451041699 -48.00208597524589 -6.018709903422201 -24.187085564667072 1
3 2 1054.2994518035548 237.93125684006577 -32.083920147313286 -98.44055956608398 -29.215498873481206 -25.077997928131968 -54.16739167372625 -6.745450996079889 25.63220949313809 -10.09978044232766 -41.534424092943695 -7.229441412822975 -26.681145655887537 1
4 1 1114.3509124871264 171.028053525987 0.9850802534204514 -148.9753115059029 -27.002205849913487 -30.259573009055497 -33.31998717014981 -4.669021098639686 -16.402459124327756 -15.39134503090653 -30.465369598191018 -20.18825293617396 -14.19311064231249 1
4 2 1148.950305493383 115.19052704186407 96.67828963142604 -90.06491726089855 -97.0711646416467 -17.359829665292455 -40.533586918714654 14.70793824819977 -6.827455594975216 -45.05707708487947 -29.963311064588737 -24.969543602433006 3.5548586841349064 1
4 6 1235.3548284984727 124.78931525541248 83.73124690116663 -73.64389197416986 -12.255686246676154 -26.914652675806437 -32.41481977386491 0.15904397079837504 -22.842781098218236 -5.293201040262083 -15.783052273681173 -9.139279384185773 -23.477000456379283 1
5 1 1082.0199849760247 221.81785965657141 -53.31638330673871 -122.0127180967403 -2.167682049638098 -41.1309145828249 -39.46297514836753 10.416645646883332 -23.112485490755784 -13.268140532864559 -25.18719136351284 -10.854159292573025 -28.644054132964555 1
5 2 1115.3880821405073 210.15511069042321 -68.93596681411175 -115.3645290250599 -8.011380536635295 -3.977538643516916 -39.66870541870351 -7.240905438520966 -12.633716796921979 -9.510554840394548 -34.690745384977355 1.9583406378620998 -16.273357534488447 1
5 6 1169.3016356885187 204.22270832116084 -65.99396243796367 -51.56700772788126 24.971592426566144 -15.56380318362223 -37.13211911006947 -29.693171461421564 -8.022167519811648 -38.979249557917214 -27.21755826227663 0.8004309786164743 0.5241881920268986 1
6 6 1156.9461759182425 183.3425853567003 21.09908652633103 24.110690958285804 -7.691242112777535 -31.653750008047194 -25.776201575582544 -31.82369063651594 -35.84920438763318 -26.994111392775544 -20.348480715125152 6.107748277221359 3.2624287941789487 1
