1 1 2.2128e-005 0.00475 0.252 0.02911 1.678 25.529 0.003553 481.24617663839115 915.1788172620426 1859.221050347079 3010.6893120672717 18.002978040045598 22.183944868939626 44.98373212697049 38.72282917389002 17.40273566119775 27.45365116203949 22.522873217352387 19.47228489004915 83.51902777181473 0.6411319428388232 1
1 2 3.44e-005 0.0068000000000000005 0.847 0.09586 1.017 15.646 0.045663 714.1330904098033 882.7056501177729 1784.4544704303705 2852.5704240421182 77.80514944856307 63.42307810255379 36.0988063620753 93.17995154869934 11.727505856357991 28.463622042804143 23.46655557420901 20.551639849412673 81.57097702462494 0.562834810495968 1
1 6 4.5378e-005 0.00983 1.088 0.11953 0.901 13.701 0.076272 528.1300315155856 1007.8840638541689 2015.8506114564052 3168.1688286383132 128.57987800234062 111.13365042619847 158.9435926846047 95.21730914554728 15.857837086003403 24.928462410568827 20.772868664978247 18.504380028635396 82.96504492147318 0.3970872204031589 1
2 1 9.616e-006 0.0022600000000000003 0.221 0.02556 1.263 30.058 0.0011 463.88268544110656 594.0493399958879 2786.0215209809194 3100.4591154972954 11.341730695169844 50.683467747915444 25.700758478460056 48.77456234603893 18.054133648114508 42.29446665183387 15.030393586211924 18.908489941689457 87.78761002953884 0.2546642752456673 1
2 2 5.1735e-005 0.01075 0.659 0.07191 4.678 19.475 0.017714 394.33929253556414 729.1813100059577 2575.5593899961145 3116.461892208912 55.20364636600825 377.3545531552822 173.93651087699368 121.31405457229056 21.23805605611743 34.456450892569805 16.258603922180637 18.811396393635118 85.68260901169866 1.1664520828491818 1
2 6 4.2526e-005 0.00941 0.712 0.07929 1.607 21.203 0.011355 311.8012905726735 1181.5792059444127 2362.178238950285 3173.864745914246 20.425681274150804 491.0169623244446 192.78213953737324 136.73571871902857 26.860055597005253 21.263915168444495 17.727282094770544 18.47117148752752 87.42246439155827 0.5729195887850949 1
3 1 7.677e-006 0.00186 0.135 0.015500000000000002 2.807 33.709 0.000492 468.4504378012195 867.738562603807 1470.9600067552697 3090.2782905250997 60.786512899843835 128.37379682152934 682.5145960621089 172.57512430390028 17.878091947805622 28.95457351187422 28.467803208579642 18.970783369169787 87.40694771383751 0.5084836222987872 1
3 2 1.529e-005 0.0034000000000000002 0.262 0.02997 1.328 26.396 0.002836 438.0031532722917 986.1998147717249 1848.7858236450165 2944.9075008610625 7.416199788138163 76.51225253483982 344.57510799540904 176.59205431058302 19.12086691027438 25.476581544294522 22.650000591977914 19.90724665642592 86.81542584346202 0.45655060270803244 1
4 1 1.9442e-005 0.00464 0.217 0.02488 2.75 27.765 0.002255 464.7080674413831 815.1385123211221 2473.099931688599 3062.1481589818654 5.2755379937390865 18.098225417066047 150.2669637663748 73.35949620159471 18.0220671573695 30.82298237689211 16.932190836060684 19.14505665835981 86.43169307822188 0.34180428770325805 1
4 2 1.7186e-005 0.00411 0.368 0.04258 6.56 24.981 0.003512 462.35578269540514 1036.633430235369 2463.9993378673444 2984.1263249498525 57.62882911303433 569.1132677310884 217.21074859898255 215.09588822904695 18.11375636133734 24.237111467932632 16.994728592842847 19.64561604173549 86.38625024938065 1.0147184256675008 1
4 6 6.4534e-005 0.013720000000000001 0.767 0.08779999999999999 1.208 17.727 0.023205 340.0480299925784 1009.95232315683 2744.21817226679 3257.562679256704 28.647745522163067 100.35912153936455 55.94392572266434 59.7153674649908 24.628873751107413 24.87741195689935 15.259355259429043 17.996583879508588 87.05225459078606 0.3198479095142778 1
5 1 1.4778e-005 0.0035499999999999998 0.17 0.01947 1.531 28.975 0.001493 486.463329711685 956.2448053085453 1267.708308202944 2930.9999621778466 3.0577739728147977 23.948950539767978 134.6250633772494 37.36262568792346 17.216097264646155 26.27465253721622 33.03204666960055 20.00170616052801 86.04317578621587 0.3406282842243293 1
5 2 1.4603e-005 0.0032400000000000003 0.196 0.02207 2.577 27.026 0.002498 476.3796306979375 865.5090685779355 1777.1724311442806 2882.802798800146 14.457110733154474 25.577282851981003 287.3367595474792 47.13629650035702 17.580516588691875 29.029158575173955 23.562710779301053 20.33611179522941 84.10201762697872 0.9936391136236311 1
5 6 3.3072e-005 0.0070799999999999995 0.524 0.05976 0.817 19.458 0.012408 391.2839046146429 1023.987187472057 1460.109352932294 2972.0419261005804 28.118378335332345 69.6564046660467 214.2323750816725 46.7543067122428 21.40389599783856 24.536439818184366 28.679358786315344 19.725495621428863 85.0072901616497 0.4608547245126852 1
6 6 2.6226e-005 0.00579 0.244 0.02789 0.673 29.15 0.001502 237.15898522527536 1169.447181048146 1906.7570072700198 2905.243563903186 3.4506895997005587 47.94869534646014 113.47156296148773 61.409455576236475 35.31386336488435 21.48451029441201 21.961372026084284 20.179031021150422 88.72264940655725 1.1479257286804128 1
