1 3 1103.3368391992155 216.8405535232473 -115.02893710505467 -74.34157401347986 -34.353879136261206 -35.50999231792515 0.4195514518483532 -55.09234435533456 -29.103679981698193 -10.398885542441157 -38.1927729150048 3.04166774756641 -7.999612983989527 1
1 6 1318.7449603207597 15.339267127963815 -104.87647548810563 -28.729040519970347 -41.6417901781936 -19.15967965892346 -60.265173692602474 -23.52598136041786 -31.91125994015322 3.8416238403441763 -46.30047556144126 -9.623908684251678 20.333066592735815 1
1 8 1226.5673875479442 110.81655105520133 -105.87414985699222 -66.2606986163229 50.40574772578356 -30.264453260590006 -50.87709020176402 7.913300696510337 -33.11269083093602 -11.28543449170121 -8.235437008135245 -24.134046234197303 -5.4753557116010825 1
2 3 937.9744207863306 229.13564635152085 48.67334427084234 -84.53341734584828 -72.99432499785769 -32.90791804210058 -42.56572502393418 -25.332734576285247 -36.84762086037779 -23.87585711805543 3.4186377831670423 14.309011232131734 10.943840492913223 1
2 6 1020.5331655832442 146.39237642350324 98.18995272258172 -98.52497325581763 -48.32037293649063 -65.90157539170617 -66.83929960199171 -13.56654553693591 -42.35405221868206 -21.81020814026319 -9.468239668759733 16.9804786061149 11.742563351846615 1
2 8 1158.0684835361453 113.62129584991773 124.64480302626156 -126.53857523721034 -21.852519490518304 -17.613744491277714 -66.95080372288126 -0.6282687335620315 -27.184861023710745 -21.267999080099255 -35.88778636173403 -5.01549131936693 1.9354237812623993 1
3 3 996.0522150909229 239.30875740374995 -58.33826945706625 -123.5600398234368 -40.53416818976915 5.002045669540634 -44.70838573510566 -37.82440588165094 -26.469473896498585 -8.817396639037636 -20.73738482589915 -18.42366316942669 3.341310750831146 1
3 6 1101.508708535496 195.3317518986632 -16.540178091432775 -77.42088603169636 -53.0984594474316 -7.735499802284402 -44.3257559098161 -34.41029377156149 -27.070946323676395 1.9830819139141145 0.7516778037670991 -6.496746593015322 6.396388436871165 1
3 8 993.8957345372097 266.22879034586026 -63.91380781299913 -148.2447360098288 4.94470023510563 -8.482322560711246 -64.72246144603984 -63.26654792691438 -39.677171954596886 0.25657440400734094 -17.56559813629081 -8.978152322445931 -8.693515006565411 1
4 3 894.5797004339966 274.40050280231605 20.790690223067287 -130.23231031972858 -59.95609533459239 -16.228126924737772 -15.450073691470411 -17.412399025325183 -22.97817822737611 -10.05662415694123 -19.453526113453396 -28.35004489029775 -14.92045746423452 1
4 6 1122.534248728414 151.31687869800336 44.67410224630133 -105.1729820850099 -102.65879235000423 10.19417168857456 -38.86034130363551 0.185274366966391 -23.31982287175899 -20.989242801363083 -26.22993285733523 -11.753758056072819 -26.42930972581064 1
4 8 1142.837981810598 112.80712395946789 59.33082761687474 -128.8368265000972 -75.8644365580464 6.294485841298195 -46.44165344073549 18.118249584833308 -18.434780432202977 -7.582959698080328 -34.02482470902888 -16.512654404903397 -10.305153424374817 1
5 3 1004.5894430202131 239.461822047557 -23.680660162395046 -105.35236828861456 -24.621660730821105 -4.922557206733385 -10.45360533706581 -37.30877975940053 -22.140039732027734 -7.4132105124393215 -20.048793183061175 -4.741818398130698 -16.94920450249071 1
5 8 970.9123970165351 282.78024924984544 -37.2985210656134 -137.30511488733057 -20.121757317066205 -2.0070441877151377 -37.404560414542566 -32.47970029228202 9.285749054177108 18.579583101403127 -36.98276495647753 -28.41268043975886 -21.705626617283265 1
6 6 1151.6553398527433 166.72222686464917 34.42887543777292 -11.532037622849394 -68.62042712917499 -18.57023722408028 -53.09891685218731 26.688508135182307 -15.238092505589506 -17.516514820771523 5.029740911389074 -33.940626227819045 -15.794391339042054 1
6 8 1133.4444812068966 218.25001315222121 -9.921716312397603 -10.307060288540686 11.035070111120305 -55.39156418403688 -44.711490008125445 -1.968666790761663 -1.6535700766603199 -21.684508852296972 -4.897305209280287 -22.337147913623372 -19.521550045188608 1
