1 3 1.3719e-005 0.00365 0.376 0.042640000000000004 1.926 21.595 0.007637 517.4640760583384 829.5070733951353 1704.5731595114555 3005.1912370944274 52.33537348241323 18.35251930683187 81.98112708150595 50.90367812043123 16.184698392581385 30.289072638241045 24.56626737687323 19.507909938098198 84.1311484452639 0.7738966546299527 1
1 6 8.004e-006 0.00219 0.305 0.03469 1.217 23.248 0.005066 619.6695983183314 1090.3431974071493 1797.5721845504304 2756.768237250364 88.1737279399634 15.155637614353763 66.26801299558197 18.290569017201307 13.515266882106529 23.043203332443937 23.29530928432388 21.26584281110019 85.56682497259845 0.8465573233612994 1
1 8 1.5773e-005 0.00359 0.348 0.03952 2.303 21.78 0.007357 803.5629758220954 1074.114917466315 1832.2058850100739 2798.7099649186875 51.77231147039805 72.13631625912714 530.2740439972698 92.6262167744549 10.422331854490743 23.39135188557507 22.854964249702626 20.947150914118843 84.39531017044422 1.0046478371123235 1
2 3 3.2305e-005 0.00961 0.49 0.05617 3.661 24.306 0.005371 304.4114509105963 649.316572253838 2387.781721155558 3217.523206556577 4.4549856588775265 19.45728088992428 137.3829158500287 65.9552313697096 27.5121056548549 38.69453063979069 17.537197654622613 18.22053680313343 85.51265508867078 0.9701447967873584 1
2 6 1.3353e-005 0.00393 0.216 0.02492 3.529 30.894 0.000874 303.03036493273345 903.9534036470369 2704.6975430025664 2999.1189127864614 3.7809103807317777 81.46806030573733 66.66940748885287 43.89074505802268 27.637494354267364 27.79457425419514 15.482322638380223 19.547407656981466 87.98941452101016 0.40390487034921974 1
2 8 1.1288e-005 0.0028199999999999996 0.334 0.038079999999999996 0.756 24.623 0.003692 348.51524237248606 704.1721663016451 2748.0700130216896 3253.788968595205 21.06439618246872 155.57704384182043 9.736941721695006 28.94403696077286 24.030512820581226 35.6801947057323 15.237966937369107 18.01745613063248 87.38514140051423 0.5731478335074466 1
3 3 2.6256e-005 0.00751 0.615 0.07157000000000001 3.698 19.522 0.038236 435.38333998055623 758.5189980787128 1554.7891607137879 3147.274174556608 63.17122401158897 98.66368057305209 692.0802956981835 272.9640960147204 19.23592207357778 33.12375835495255 26.93291222893245 18.627230024616193 82.90039198559894 1.59423407273984 1
3 6 2.1242e-005 0.00616 0.295 0.033639999999999996 1.402 26.939 0.002499 334.55897307822573 782.2255328131662 2048.9440035767216 2898.0720824720574 10.760295446094917 21.465907049533968 119.01629623358333 97.36448689910121 25.032955843159463 32.119892468405375 20.437356963831743 20.228965440360213 87.57549777577569 0.44089965143746357 1
3 8 5.898e-006 0.0016300000000000002 0.189 0.021570000000000002 1.566 29.705 0.001182 359.13655553405005 828.8308725127276 1473.702080473092 3021.071570819871 9.969611341594952 4.12453847737339 187.9765001924321 32.98842482170108 23.319820472037577 30.313783949468142 28.414834012147942 19.405366150954876 86.39533146724156 0.3325153892761829 1
4 3 3.04e-005 0.00738 0.598 0.060570000000000006 2.836 19.194 0.017335 434.8416746245059 626.7387310037543 2333.1946756279485 3200.668222823335 21.746862096746053 58.09898999928102 156.64508635128192 89.3503044856982 19.259883513308544 40.088475080774124 17.947495096494638 18.316487657782417 82.34641064834447 3.586488189184344 1
4 6 1.5344e-005 0.00377 0.235 0.02689 2.81 27.174 0.002186 494.19519272050024 616.2302073962526 2347.7402439485345 2896.4913185349383 8.372246652061433 44.45256565279434 55.19767305573639 35.5257397549554 16.946745179564324 40.77210058585127 17.8363002925625 20.240005424788517 86.40814738373473 0.4656208654582185 1
4 8 1.286e-005 0.00316 0.283 0.03258 3.032 25.73 0.003016 493.73551526159827 941.8373576197423 2666.841890429849 2999.86935379276 5.283883129246191 83.41672244359684 56.09757072032913 47.4318777420868 16.962522932065426 26.676580406087453 15.702093232550231 19.542517718606618 86.13331848709254 0.6460457482599167 1
5 3 2.1387e-005 0.005450000000000001 0.498 0.05496000000000001 6.695 19.291 0.013365 458.7346288301921 772.5167689234761 1854.1347402302902 3090.23289588063 25.111414471611955 22.756233268717924 195.05134704599976 91.41249543919219 18.256742512238244 32.523565844418364 22.584658542560383 18.971062044595026 83.87881997364966 1.5795214893252616 1
5 8 9.099e-006 0.0021 0.149 0.01716 2.868 30.61 0.000954 461.1496066076647 885.3209609356679 2015.496720992361 2915.041073577713 5.972745287339793 18.645205683548095 421.9242225590977 38.816631416837275 18.161134434459694 28.379538165962067 20.776516063683893 20.11120890589986 85.84659664380668 0.4381636584838228 1
6 6 2.9961e-005 0.00638 0.444 0.051 1.46 21.414 0.021532 371.2767733951705 1158.4404945936649 2315.26410229697 2603.4635062359025 10.950631150696736 102.78584831722148 94.34581246396826 63.04255998565237 22.55729579691758 21.68864099386724 18.086489553591694 22.518080188018555 86.86400800936309 0.49407417266190323 1
6 8 1.8597e-005 0.00395 0.245 0.028210000000000002 0.756 27.457 0.001933 320.9117309692505 1180.3944388061457 1821.4025499159407 2691.954500916303 6.698739497192627 30.493067812386172 315.7029282918716 62.27091338949742 26.09751901155176 21.285257854494382 22.99052452843693 21.777856936305902 87.21456742016109 0.29286099376677593 1
