1 10 1211.5708393940342 134.81889757902425 -96.06495938064815 -14.809817433011943 21.186818002622445 -23.256928297384878 -15.133470921869577 -2.7215236925034274 -37.04410109564088 11.813942780549949 -14.55711855080865 -17.070314269142045 -1.889712089137299 1
1 12 1301.8291214388103 106.48019949476473 -57.827924746635865 -19.198393053139903 12.191903515572982 -23.69349717211999 -20.173937332860145 3.2642619460676556 -32.107342371861336 6.654358041524006 -8.485033469629276 -1.1927116761542085 -11.443325466197475 1
1 14 1266.242390043924 132.9868356639241 -84.58678292100414 18.064135983572672 -11.899686175384037 -5.264136235055286 -29.30020713703223 -0.5199733827014321 -47.03919635943005 11.128135228812546 -17.384472772182356 -3.0394803393816874 -24.468190383077896 1
1 15 1230.7994871403482 101.7078557140092 -147.31453355828873 39.82872810011529 -20.493770150327247 0.5710690134297507 -20.94390502856152 -22.29979909175035 -24.12935606219525 -3.6477303638169825 -5.138551961056143 -22.386315043490807 -5.368244243609424 1
1 17 1250.7784196165135 94.13614325580348 -70.36728695731695 -15.831847399429863 21.047132889757457 -26.488789616416536 -17.0328161866736 -26.832421009708057 -13.90948871713836 -6.424178827175538 0.5898703768079369 -18.778277190562424 -21.64756430084694 1
2 10 1082.5744781795058 132.33460139769014 150.9683187021548 -65.69049136346408 -31.951198004616423 -14.979022517006989 -14.461553194564647 -0.710546282123085 -45.36144069292179 5.088993854669748 -15.944215070524065 -16.104831365205882 -7.865826431251119 1
2 12 1051.533575031462 159.31764685777904 180.53454185715987 -95.73985776877368 -56.49059031601615 -2.1040446685759693 -20.22427129225045 -18.415359076331214 -8.239564614554404 15.723777637079602 -16.368058234920596 -14.792899210337227 -20.039415403317715 1
2 14 1072.0084623056432 176.10506708167443 90.70496785254029 -48.55783900087767 -63.368635691757035 -21.03226529155469 -39.12746814850379 7.841168997283122 -1.737484364493904 -15.558751596178517 -18.281578796887676 -13.756877169513196 -23.56072302237758 1
2 15 1021.4879812610242 180.30768245050606 108.89379163571006 -40.21133401937435 -63.173361199409825 -39.277414933983685 -21.233828329821307 12.278118009019844 -9.016189233109374 -4.817471384587257 -13.818643427720056 -12.319597520303645 -20.466326145729667 1
2 17 1163.8596113664728 119.32708110248228 64.05577116830743 -81.7836252445892 -61.0722502309816 -23.99605382201727 -42.83359723135868 5.5745038568905105 -3.3395706908227925 -4.61245839845464 -27.85058372289349 -32.79009368499609 -9.991494728759156 1
3 10 918.6906738564545 235.24920223002056 13.192720073372795 -67.35381406822263 6.987422673760336 -2.7443086928860123 -27.543273128507018 -26.716723038184288 -37.11921793740958 10.856829600196889 23.211303412652327 -23.717743643299045 -32.798392047228546 1
3 12 1128.9942828294284 249.24968541839866 -3.207114033613349 -46.37767849629583 -50.88711031034674 16.207842903363833 -10.819805538331673 -26.418443368174753 -12.611949442067608 3.7674780674530846 -9.147870887069145 -5.0728212572976945 -22.72159513215423 1
3 15 996.2236320818993 253.2061103702444 20.106328092062 -72.09300937298421 -34.90841553291169 -25.500451790564362 -10.681523486101907 -35.222069462286875 5.43360483578262 16.402387016883324 -22.258778686179056 -25.603085135713744 -38.68570096923954 1
3 17 1124.1065611197541 214.55636125375491 -29.972796908083275 -63.3522699502395 -31.157928378714345 -28.27868709628457 3.467434286968568 -37.975816396942484 -42.97703279198757 -5.6205982405212715 -19.724880387123225 -2.747659331788186 -20.727017986590386 1
4 10 1197.771943491669 99.77208183322668 85.54984690087883 -63.788137534440466 -87.48914870577748 14.542795332547744 -32.740245951503375 5.849758937267209 -4.63388451175576 -14.759932564995305 -12.661546647161172 -11.074127809553799 -3.767833907070723 1
4 12 1184.0613285939994 110.5476767720863 111.43552258627288 -86.26888996721144 -69.8351503199958 4.823456405862478 -26.936121517107217 9.88976361507656 -31.92327329389779 26.068565822670614 -15.503335293544792 -11.54510199179144 -5.233180420673199 1
4 14 1247.64563454275 108.83359008402469 75.96668087148765 -68.86953302412815 -44.32748086451488 -3.610845272410933 -28.771669653088594 -4.580233619991457 -18.006232870078417 4.873897414279227 -17.544840346205397 -17.308121283434843 -16.296894067379583 1
4 15 1225.1518755661584 41.138347914377015 60.31609388338009 -88.28224219606443 -84.70186116339416 -3.367284870090933 -29.169411935642565 0.2564158485883678 -22.776309075251582 6.46389369967415 -25.584922855751696 -32.130661769177415 -15.596540078910666 1
4 17 1198.4658356779153 72.61016405699989 4.508406617724609 -86.34687383905836 -112.6732283028893 9.296520022630455 -31.39019077049169 12.646549478661942 -16.42177785326713 5.478273669380151 -45.515357632576865 -15.957425484771933 -15.551919200761523 1
5 10 1099.9659859029907 230.96721325613777 -39.18257409512546 -115.8145058738306 -15.553568068615354 7.725973374703249 -70.73503061191872 3.5392272243113223 -20.21624493713966 16.29850196115525 -19.99757753531468 -34.159227237774644 -16.928950913466945 1
5 12 1032.1403807216811 272.7437611767455 -48.863334351037814 -98.09384693501492 -3.9855614854859467 9.263335676827833 -28.0453356774645 -10.21999500090516 -20.746840497322115 1.8348880290377272 -13.71130232927 -8.429006105263367 -10.936271872804465 1
5 14 1044.4783934773354 284.30046954767323 -36.65280017772909 -86.52224571688869 -12.474708915247843 -21.361239105084813 -20.075601724209125 -10.678440953422578 -15.104086692684337 5.08762787566311 2.3883827902229138 -18.487927204205157 -27.44701180348218 1
5 15 1002.279914724715 236.55241269164483 -101.77254404892815 -116.04512207724123 -43.97110829535487 -13.251888239404002 -47.951917740121935 -25.978770261820166 12.569429433516131 26.006140930653647 -21.715237029709254 -50.13260252386554 -27.56766952494427 1
5 17 1041.3684408679208 241.34590378211317 -109.23481787074148 -77.04816229191712 -58.91489703528335 -38.718792871299705 -10.56297566436831 -27.812419488209127 6.099964071584245 -3.861400201229256 -37.75750644818865 -37.56536530149147 -7.216227346874458 1
6 10 1101.0680803072141 169.18243365074767 74.02991635191268 -6.963803118708798 -18.10574551900069 -22.059451966390032 -48.66661501297644 2.612476298080889 -30.927369350553974 -9.541233409299917 -14.450360392593735 -28.82820439476668 11.068669848146673 1
6 12 1099.3700304477802 220.25195728910992 18.741656464754307 15.012961700401702 -15.778294742300437 -2.7354435774878487 -8.9854000364681 -40.7606049025388 -20.478909479482933 -15.838805712415716 -2.4532195269698467 -22.998658920657313 4.255948160838123 1
6 14 1118.3818452374287 200.82658885171656 4.272819231815031 27.626167396471597 -8.455664738307215 -22.414725655252795 -31.078486734100224 -29.26869834788046 -17.277043920065545 1.542662038936136 -25.56419281034431 -9.032197594541897 -11.444054292295752 1
6 15 1215.1834541104893 150.4049967072514 -20.74628837378213 13.05776324657398 -68.16182983333857 -26.60012222201548 -36.28996938420894 -3.2215319323265983 -34.12073993589999 1.0533577215280525 -28.189897657700808 -20.1034423304577 -9.750698501781578 1
6 17 1221.267930780121 135.8427441842039 -14.077502173756194 -16.958943407644398 -29.97088113178283 -56.77075738257181 -38.5989938299267 -19.841099876642964 -35.42464890516579 -9.349589520824345 -26.762460795058875 -33.48467788394339 -1.1553490001941629 1
