1 10 2.5559e-005 0.00504 0.405 0.04591 1.248 19.157 0.015077 702.9388500963846 1027.918676546762 1592.1176242311894 2832.979689111495 43.11127581923184 76.88420418808724 34.01550982664387 85.26339103918386 11.914265371520791 24.44259509361781 26.30144868864248 20.69375937474035 82.75962394905507 0.7117666036610355 1
1 12 1.6145e-005 0.003 0.239 0.02758 1.969 22.114 0.006703 708.1785021059168 1192.6252829685288 1582.4140118409023 2911.449720685092 29.550182090771443 79.44199020906314 110.87151470790472 48.07111588865342 11.826114426087756 21.066969113267575 26.462733321783908 20.136016632361756 83.44433532930685 0.6780582557012489 1
1 14 1.5588e-005 0.00309 0.292 0.033370000000000004 0.756 21.761 0.007374 546.607977687891 1146.0541843519104 1708.0200658371186 2765.8328597402347 29.213819313137495 29.320696399085232 61.18969042871761 44.562286779474405 15.321766863750499 21.923047219803223 24.516690896998696 21.19614704610387 84.54828049080099 0.6386467853171303 1
1 15 1.4131e-005 0.0028899999999999998 0.188 0.02161 1.271 23.642 0.004954 796.1430093612509 1205.7421978316402 1655.6042833151403 2472.669451008986 25.29424437349758 43.23889871708065 19.9094391840544 58.54099474657209 10.51946685648763 20.83778775030336 25.292879718908768 23.709194116535777 82.43592931495874 0.5188229091741603 1
1 17 1.9987e-005 0.00414 0.402 0.046490000000000004 1.514 20.439 0.009766 802.8873229330739 1066.3039820649494 1562.2666915862194 2755.961986508685 61.49860597836959 145.88159473961352 63.045410083816535 177.28154090430203 10.43110254799491 23.562699213918545 26.804002303526662 21.272064087599215 81.99420096094174 0.26119591223250466 1
2 10 1.8555e-005 0.00372 0.41 0.047240000000000004 1.108 22.073 0.006578 284.40491138021554 1109.7675953734922 2857.5789029038106 3473.4149635592416 36.81141200376792 720.1027212009509 192.2017340139378 110.67272967420745 29.44745208286372 22.63987532591829 14.65401356282674 16.878202177123807 85.81042232821415 1.1193480129112698 1
2 12 3.5963e-005 0.00703 0.464 0.05308 1.006 21.741 0.008248 365.1908485985061 1301.905480707478 2858.9210418971747 3299.507789254806 5.8917295559978795 886.857248194771 240.65516625560298 247.41163727811102 22.933214323800172 19.29863601645385 14.647134141281436 17.767801667545225 85.26230029148786 0.26059628983289107 1
2 14 3.4175e-005 0.00728 0.473 0.05308 5.146 22.473 0.007508 350.3116238329271 1702.3357730169932 2787.848306441494 3376.845112265102 70.82877385090743 1026.6945636611722 225.14931488784364 377.0844604901242 23.90728548589144 14.759132950294404 15.020544662794332 17.360879178931555 86.09562820723353 1.2796150054326405 1
2 15 4.0887e-005 0.00821 0.537 0.062000000000000006 1.374 21.084 0.008726 367.55360898665054 882.6810904232008 2549.8529005075075 3115.860968827246 41.32745372351555 680.4717047022289 207.29698958673734 228.27862605530828 22.78579177358636 28.464414013847104 16.422515977947374 18.815024350096532 85.40183516986912 0.35039725222380824 1
2 17 2.2591e-005 0.00508 0.337 0.03842 1.481 24.423 0.004079 434.2069008447504 970.0023316761051 2615.3866497339945 3041.3854968524056 6.1883417311011 108.25426482140033 64.7280496030738 146.62575610480675 19.288039834711103 25.901999592707707 16.011016957763786 19.275754441741192 85.95990347936514 0.6169583548164501 1
3 10 3.0298e-005 0.00602 0.582 0.06364 2.619 19.131 0.015688 382.0560824579556 800.671137406752 2243.258166235868 3086.4921288988353 13.369471605288348 14.620798084325969 120.1056303590522 134.91437380661895 21.920865507805782 31.37992469839231 18.667044493708552 18.994054593917134 82.76469531147052 1.6527245042740104 1
3 12 2.8453e-005 0.0054600000000000004 0.587 0.06884 0.881 20.482 0.010355 369.29243689607205 768.2748281097006 2006.9612839270183 3004.1676078750384 12.21200016699106 24.14625137688078 129.10074078163092 98.55117524621163 22.678503980185575 32.7031409604018 20.864876834127685 19.514556992866215 86.29502753961076 0.650355056806678 1
3 15 6.4037e-005 0.013770000000000001 0.638 0.07266 1.201 17.888 0.020366 406.1386257940337 809.2900532655199 2033.696789270106 3057.7252154652647 11.510730379789313 47.64682260065951 108.16350201929995 98.01482787523324 20.62103791193512 31.045729400255883 20.59058175286245 19.172749632141027 83.8178943758032 0.691663405996744 1
3 17 2.5038e-005 0.00626 1.216 0.1342 1.485 18.105 0.017293 400.2307430627817 741.17293476981 1973.5813438220782 3044.6195230248027 30.154172635609022 23.055404977061542 130.42542353152967 73.29864008155425 20.925429006052806 33.89897124050166 21.21777251851399 19.255279537114898 84.51392481366253 0.7921176363105632 1
4 10 3.7995e-005 0.00742 0.624 0.07216 1.084 16.632 0.023524 437.2688438253333 1052.8680218825161 2484.074319122862 2928.410793675945 54.14050915296802 609.0011144333424 144.01651761601047 224.09866074053997 19.152976751632885 23.863389786572476 16.857386140840685 20.019390765326957 84.64977183053962 0.3253268421121052 1
4 12 3.7343e-005 0.00718 0.435 0.050170000000000006 0.928 20.58 0.015733 414.2338503493132 891.6945322836474 2568.2113801694254 2937.0138969320165 14.639507290506677 139.3327050109021 46.6021130678192 38.54176891451361 20.218048314828856 28.17668953924656 16.30512204849645 19.96074995124785 85.74176629509663 0.6293536510591226 1
4 14 2.9935e-005 0.0061 0.234 0.02706 1.16 23.509 0.004973 424.95054601778287 887.3180990536143 2529.331417209565 2985.5945494937932 7.394457895480125 81.50213712002902 31.999383687212948 39.9497774249699 19.708175641806406 28.31566269954094 16.555758456595523 19.63595492560765 86.6032414333943 0.31226058617087626 1
4 15 9.43e-006 0.00218 0.269 0.03096 1.666 24.196 0.004065 476.50736885058996 1570.2325101898214 2534.1299595199366 3001.937524479663 4.263875944944384 71.79263866520886 8.100598607087663 35.12642004902579 17.575803749272136 16.000815062071734 16.5244090354122 19.529053993274456 85.14441362721327 0.4825994697547774 1
4 17 8.701e-006 0.00217 0.232 0.026770000000000002 0.711 28.787 0.001472 499.7441805629857 1443.9950019152836 2266.7584946286297 2645.044115661429 1.6011417962612364 174.99142065157346 102.93800663516065 80.40801711141033 16.758574338104673 17.399644712533455 18.473516300579924 22.164091575213682 88.030026716975 0.42615978310987446 1
5 10 1.1964e-005 0.00269 0.285 0.03214 1.666 26.87 0.002496 441.656701423427 881.2979913434016 1913.7263429812713 2746.7555687616805 6.763380028537682 7.647155308492802 259.44346497010986 43.57285752885021 18.96269200265272 28.509085742611134 21.88139393784256 21.343362571730363 85.87835873208262 0.5780346347354805 1
5 12 2.3071e-005 0.00461 0.499 0.057690000000000005 1.207 22.265 0.009282 449.52428195058167 816.8042454274312 1617.6021538084124 2880.584115188716 11.337084422728424 6.826867846451061 227.19847017086877 99.01044885310789 18.630806691151566 30.76012415539315 25.88708224788853 20.351775076062754 84.03601334557496 0.6708992172391916 1
5 14 1.2663e-005 0.0025900000000000003 0.266 0.03045 0.766 26.592 0.002509 404.46877356204635 825.210747707792 1783.0822399655415 2987.790352964698 4.0770581358589215 8.258196570239182 97.83750309648846 97.91207846430257 20.706172014822442 30.44676777391754 23.484615045467137 19.621523960617957 84.86246131149738 1.0237610752694486 1
5 15 1.1121e-005 0.0025 0.216 0.02412 0.929 29.663 0.001548 450.43409985571355 900.2793464286915 1977.5854898179668 2785.3077219291636 1.6914168321129217 3.404742524228266 269.7187976486981 166.4176849881742 18.593174901018248 27.90800444291885 21.174811514143197 21.04794365751267 87.63722743817964 0.7166886651231766 1
5 17 9.359e-006 0.0022700000000000003 0.26 0.0298 0.765 28.034 0.00173 482.3740707019136 957.781106809502 1748.7662851047205 2825.556613480139 1.3391588541182962 7.194328956049411 117.11046291142381 115.50899102237447 17.362044331722363 26.23250742927553 23.9454524922365 20.74812435904218 86.13943359029861 0.9059085637515126 1
6 10 4.2954e-005 0.0091 0.402 0.04539 1.642 24.171 0.004209 248.3189910515203 1064.0951517488515 2562.6070381259865 3098.62708787934 12.733251629936065 70.44722373134923 53.07913259419688 161.19599411284358 33.72678007644766 23.611610257510147 16.340780844269766 18.919669368837212 87.41017638678221 0.6184202926131029 1
6 12 2.1589e-005 0.00428 0.245 0.028290000000000003 1.965 28.996 0.001366 229.48097119357897 975.9380866175272 2111.212244796052 2945.978435159806 4.816729374837868 70.71798375604233 193.88275660544616 172.88838569816943 36.49540071422854 25.74446099043018 19.83457613189678 19.900009891559122 88.16032054338226 0.4642127989603901 1
6 14 2.1684e-005 0.00439 0.25 0.028980000000000002 0.735 27.675 0.001842 249.17151691688892 1062.6951344344784 1909.4277962532424 2919.0121416102265 7.816361871704699 36.97168039714071 92.83187138849975 81.71734611719084 33.611385858334195 23.64271669820947 21.930653823186635 20.083849314741272 87.14790611799853 0.4979444841950437 1
6 15 2.897e-005 0.0068000000000000005 0.522 0.06017000000000001 1.166 21.303 0.008725 410.3503414313386 1366.9146704577204 1806.7856468120835 2683.4901668206785 13.227831136037116 125.0738479486563 98.78093926519206 78.51881520010691 20.409389622504644 18.3808108457763 23.176517963757796 21.846549215962735 85.99147790677101 0.3842385314854193 1
6 17 2.6333e-005 0.0064 0.338 0.03859 1.41 24.649 0.003847 326.4068447224958 1262.5982469743656 1799.207890512316 2856.3592707505763 18.565862995249667 69.50682506174887 233.57667605607736 66.29002219916514 25.658162919715263 19.899441536695015 23.274130922178365 20.52437891841067 88.27597289523412 0.8511382508426417 1
