1 10 1255.0967609277318 103.04077421908457 -100.79820966141278 -47.75740346521026 -25.909458656328255 -33.148415765949494 -32.53225569816713 -33.23780580233648 -56.63159596271395 11.998178541946903 -26.15459577803861 0.8030740659454881 -3.59751462079323 1
1 13 1257.1941478972271 4.68599336019077 -149.08360392423694 -26.979054715234064 -41.64176511832162 6.598681688504331 -52.6538131854099 -11.889212043017361 -40.247209603040076 -5.420470453999158 -29.699516399065995 10.035004657251388 -9.989487622771371 1
2 10 1026.4168247196326 172.52299627598182 66.14423791021495 -144.7213052899313 -68.6758689281841 -59.3561006389073 -20.521236501800384 -14.567615549549691 -57.46933927986728 -24.923048936641766 -28.956898157139996 16.959902418134387 14.912697126788718 1
2 13 1182.329603127714 87.72032143489246 61.76566549463576 -105.42164556702076 -89.66836658840218 -18.4502969779805 -23.252310317632492 -21.253528588605008 -50.6072624755475 5.250928174425952 -31.362837845817623 -1.3478769348660589 3.7649988376768326 1
3 10 1014.9999725623393 226.42338631931096 -41.48301842526647 -149.30081483047817 -52.88805283702075 -25.035204250815582 -17.124478023867006 -41.785939443677115 -30.051909905392325 -3.3413221357983196 -0.2550157941341788 10.161510420600008 32.3238318317734 1
3 13 1069.8384399162503 187.2070528109559 -140.10037387583182 -116.39587091844382 -43.47057553540953 -28.678462116094327 -22.540414052015354 -44.51997977593097 -36.651547945528826 -12.323061573384846 -21.905567808717514 -24.5923676823358 7.4354803548628565 1
4 10 1043.840964950649 164.53537681484963 -6.052474677765926 -172.58344072749074 -77.91120602456954 13.407837430715425 -12.053690610090822 -41.4366903966583 -25.858469440711644 -9.80835609786118 -30.386029725380176 7.3403171879957325 15.593992353770807 1
4 13 1280.1790596518604 44.556233153085046 -25.900503671134153 -54.86457345758087 -85.31568530643476 19.827465171322768 -42.99301004086056 9.867175914640177 -32.058850800271834 -16.7169715001818 -19.5599332054396 -8.272081036863332 5.893515641234198 1
5 10 1086.630029244265 188.0968506025951 -79.98952265041459 -122.7272854441599 -38.22435382573367 -53.97403117261377 -19.312069057607697 -4.571406216307512 -34.71883971132609 -31.224248793887813 5.179302973156118 16.22345218380763 27.495625098484723 1
5 13 1215.4205490651284 110.27528288509656 -117.52164241103962 -61.242908873547535 -18.25196746588779 -24.57562234244528 -34.447405577493754 -7.937921909005907 -17.976883353667635 -6.759382387432081 -31.463370724784447 4.561373727637285 15.490491148385402 1
6 13 1258.727250304757 117.95480583318758 -73.68140199031103 -4.592315629874595 -62.10061969823146 -33.1686006839258 -53.43437279785111 -6.211051877031662 -42.78953074887086 -8.850532621188803 -31.759377319447513 0.15132412622965014 3.7956370587827846 1
