1 10 1.4114e-005 0.00398 0.26 0.02798 2.229 24.375 0.004427 589.4327502278616 873.4654195607031 1686.327096452877 2893.1154263629155 43.82037361506914 19.539959667408844 21.269106355997206 51.143080741112854 14.208575951645733 28.764733482678977 24.83207444634106 20.263622897929277 84.68708129871513 1.739039231228753 1
1 13 3.1908e-005 0.00894 0.303 0.03449 1.06 18.489 0.017455 804.1151820926792 1237.4153420046846 1875.1488343542353 2724.195116815933 13.019182228914811 29.878997221636485 38.53968644023567 77.59534957976653 10.415174575120421 20.304419338535148 22.33156069151222 21.52011786458288 83.39153593857631 0.6473972767800597 1
2 10 4.8552e-005 0.014159999999999999 0.461 0.05257 1.958 22.004 0.007816 325.4213957857683 580.051610066528 2777.1525852602654 3165.93611049567 14.77176100516966 20.822970476324382 52.669177990103194 33.62304430427687 25.735861588871792 43.31511121418718 15.078393683606555 18.517429901900787 84.96326138427898 0.6986942871741039 1
2 13 1.6117e-005 0.004520000000000001 0.343 0.03972 1.539 24.009 0.004321 456.65877497322555 1951.0698096597564 2814.2112100910726 3245.215916234881 133.91791307350996 950.762764337742 133.9259665745912 221.59696710932994 18.3397329887968 12.877550498503949 14.879835546758715 18.06505376320756 86.16005416163284 0.41225637245640284 1
3 10 2.2188e-005 0.0069299999999999995 0.349 0.03682 1.487 23 0.006779 415.09298217874334 685.976660365636 1661.8802581083048 3157.686130752728 32.07891543330772 43.05106776967741 313.7811520119088 108.31778798075972 20.176202343969376 36.626610570989385 25.19736292412892 18.565809764640857 84.04913164988966 1.9148317707316642 1
3 13 8.216e-006 0.0024 0.225 0.02598 3.43 27.212 0.002048 562.8615544928937 872.249745016574 1923.237264515236 2770.997042736349 6.346001894652264 9.989136502319422 99.33712724246988 93.92384878642942 14.879325001234806 28.8048235537433 21.773184605257146 21.156644736837407 86.07398077412279 1.0008888918354082 1
4 10 9.816e-006 0.00297 0.244 0.027719999999999998 3.097 28.201 0.002265 531.2679305683182 619.4004452970008 2436.7180192072674 2967.2834893106065 32.557635249720356 6.917657291024509 38.91325851592272 40.217015196810095 15.764173815349503 40.563419336827614 17.185000344694423 19.757128097531535 87.19386879091456 0.44673640565970324 1
4 13 8.646e-006 0.0023799999999999997 0.291 0.03327 0.755 22.974 0.005349 571.9946670067538 1199.7087705657452 2359.8673511414463 2604.927310930137 7.1706398735823065 42.43120056535334 35.432541672660726 55.80841303241974 14.641744902669018 20.942582580397268 17.744641443403776 22.50542644856638 83.98796472041096 0.49821494453984455 1
5 10 3.1889e-005 0.00975 0.455 0.05158000000000001 1.339 21.575 0.009152 534.0293646233105 841.9724195134037 1912.079603784016 3318.0910203467884 99.91655092040021 280.7777429305926 854.48489469504 337.5457336437584 15.682658210953424 29.840644916279263 21.900238837927642 17.66829168956096 84.79834136364136 1.1338412037886074 1
5 13 9.749e-006 0.0027300000000000002 0.315 0.03594 2.192 23.271 0.005589 575.9490127324774 1099.2617984928786 1758.31800691606 2841.1274704590555 14.179710472980755 17.538095099088043 81.58200002663372 72.88578920942474 14.541217737775868 22.85624774230046 23.815373462190255 20.634413840829062 84.95408685475064 0.5800587878497394 1
6 13 1.2716e-005 0.0035199999999999997 0.329 0.03773 0.699 25.589 0.002999 403.44000865301234 1232.2189553981652 1868.666735891035 2658.0367904598143 12.264609956457676 17.35273894324666 54.34211376196618 35.4946144622527 20.758972388390728 20.390045040235073 22.409025213387114 22.055751903215175 87.35510290378022 0.7015148736003332 1
