1 1 1341.7624243549942 22.25720332290885 -10.465613397284804 -27.285536752463777 -14.301842279026383 -10.625630559547506 -15.139108439914759 -1.3816137109959663 -30.33645223360344 -5.103796160169723 -13.608758235729198 -0.3540591359325186 -14.322361507973818 1
1 2 1233.92867228498 1.1565890177363245 -131.36592010041176 58.305984401244096 5.612151616743146 -11.295675823026873 -14.465577309911174 -5.6238515851090245 -18.57126500984246 -1.7236224248825966 13.91999429249595 -32.376473941991684 -1.4050448691686277 1
1 3 1278.3595943174105 79.21844439182095 -33.2207006129172 -26.619441907982505 -8.548407838913553 6.415149313781121 -7.379512456144384 20.142489613250536 -44.22062992020595 5.6325180061430915 -4.340639547987834 -21.89936842942071 18.714931878682048 1
1 4 1196.5344571334663 -13.120650450507279 -139.82522529069658 26.4790451856719 1.9744404417849728 8.398320589550071 -26.51204953279455 21.136240275721327 -33.85278792213082 1.07270702465276 14.901810745118459 -14.538290578111631 -5.379734815387223 1
1 5 1209.2459358067708 7.64103797445592 -123.94381868389465 40.91855778650653 -0.6753164575269695 15.942062245980976 -23.285812606799638 34.620535864129614 -35.90549993499569 -7.690497900855429 -0.6993360518575772 0.9065937068824025 -9.37997958092679 1
1 6 1220.5548822308865 35.12063576616836 -154.8715487245349 64.2676354764082 -48.39023943118467 39.10541953606608 -40.61020349133053 24.17154518774677 -43.333385747642616 4.106491507875955 12.360672090471022 -13.113322578459645 -2.3740388936756647 1
1 9 1232.0059939518935 152.6047060612662 -78.70681682964663 -26.85215546460265 0.09062048067654469 9.337230278755712 -19.571046459145442 14.902370708063437 -43.65940215702401 9.059560883953933 17.141748690094254 -19.923176798408413 8.858116598754085 1
1 17 1267.3540389393597 29.78360575342358 -70.87680492404734 23.47880137303507 15.211646006415192 -22.31321224311269 7.94773169935001 14.561317605591922 -49.18901423510896 -0.49616836754028415 10.782267340653679 -10.18669584294439 0.4618856032150286 1
1 18 1280.6749139798505 91.12773506440877 -37.981856181265904 -39.742017703069344 50.783074336805164 -21.93741525907093 -27.619401448756143 43.85873383302691 -30.113011064721093 -13.11221460374392 12.298032730090565 -17.590349254669814 4.3166434084991385 1
1 20 1252.3882252823232 73.09828586057937 -93.58704446930985 48.17076471671765 -7.705373989080597 27.24366882732801 -44.40024136046598 38.70760947794678 -7.021907473260236 -14.584555242443047 -0.45525449063031914 7.530013615689937 -3.8655060652292397 1
3 18 1091.2898690974268 209.4443976240586 42.66006002216403 -86.19579585098813 -15.249091659811274 -8.511715941529793 -23.000654146490977 8.510003767598365 -20.749144844427803 15.285594893048597 1.5060612839152459 -11.368369988140055 8.272886874160296 1
3 20 1167.7712484505794 154.4584098944882 52.99424406715928 -54.26714922595435 -84.0413569382143 29.64873996450537 -16.482247669737593 3.5972053560793604 -29.454996844126093 10.622445664603273 19.93904728010773 -14.72050545342603 -7.042071451829003 1
4 1 1267.7183315887553 73.73376099632927 19.583319553690536 -71.75193270426055 -113.10674665556085 20.338441603947484 15.29115856233563 -30.585995964214916 -7.865446464203078 -8.87845779224645 -14.183397321075804 -9.112871271599262 -15.91327166406904 1
4 2 1264.2819657842895 10.408123276788336 -92.90911330753886 21.49794443591617 -96.7505831177813 3.752414101918518 -18.90665852663254 30.96976451339527 -10.982582247280584 -7.826555824442654 1.489482348754206 -5.759870139143169 -15.972661580592085 1
4 3 1108.632758463838 154.30614868927918 28.15439249767883 -110.32886869374562 -99.86852706154743 13.328349167968291 6.04911975022337 3.2589003189619867 -42.98207230015483 0.162268482939263 5.493686794224244 -17.209798123641743 0.6870561782200285 1
4 4 1267.0806767610454 -7.833226275353177 -49.232924088759546 -5.314032358894545 -75.19857951230749 11.315550453123397 23.854556721314506 14.866216386713848 -17.215723213440075 -1.6317525248692057 -17.893465488225377 -1.782395562662752 6.193735396144976 1
4 5 1208.975064149575 -36.946499061038 -122.62171961123552 1.0565943816421353 -125.49996709434188 -3.8744712013605103 -20.69796667613425 12.779333286385864 -14.523785224132004 -1.8096169612967512 -3.4069425937072864 8.918487307158125 4.264498251520966 1
4 6 1229.389079946849 33.62322414760496 -52.09009220028207 1.9306169608461254 -116.94981645821817 38.57859259448967 0.3410903005706461 12.36082577720957 -2.740235646370485 -7.491175364240578 -20.511508858670634 3.7961979594988797 6.470612512283283 1
4 9 1204.709237358224 148.84977307298013 13.840477665750244 -45.59398016864332 -89.66515908950709 4.5298126105389205 32.12169664046961 -14.06068689504414 -23.263282832912857 -7.602450597291472 -9.61266928148325 7.848316690002818 5.616409326986163 1
4 17 1262.6231821788908 78.58383099060669 1.6906588940046188 -17.461736340241806 -90.61696301241423 -2.1977887152706894 48.13105020689103 -23.50448783603573 0.6602642571503095 -24.439003687635047 -12.077452734360637 0.07234371332676243 16.1818656804845 1
4 18 1260.5976181354147 89.70187214975273 38.009081039580124 -7.846041636259934 -66.29559239118876 -30.770474795056693 -1.1738233724017753 15.967492241247582 9.390584889322827 -7.343433845523161 6.525376276428227 -19.073462131745192 -0.20868473592102324 1
4 20 1241.2110461420093 107.45893799002647 2.4459232912756055 41.679617352897694 -133.35816940802596 -5.881442789259304 4.853569784980564 14.49453271345132 -5.891757657969148 -8.031514118568508 0.3947774763550795 -4.460178093349893 -9.922483928966143 1
5 1 1010.7771862358434 223.11862494032985 -15.818239236894744 -145.89983515110737 -65.95608861136384 13.85818846787903 -46.94394190093127 8.502767200713095 -16.76029585220264 6.146216114983044 -10.297745823745792 -27.497360892763236 -13.345933723297698 1
5 2 1151.0770114487486 136.96539882100672 -96.88270601408676 -90.70591374937645 -49.49535730255447 27.794539748263283 -30.463530062503548 19.660010486176926 -19.476767138395637 23.539137851419174 -4.3390087018567725 -16.0301420264158 -9.15371892763923 1
5 3 1004.1783275953038 241.78690075089386 -33.883178490441374 -143.5103894985528 -41.47902349049747 8.848730380477578 -9.791358719089134 6.535835064038068 -28.980764472535096 7.468062071585836 -10.38001004697063 -3.000492887820133 -4.739255072531365 1
5 4 1134.6772424260773 156.67651336260192 -79.4816104322063 -88.43147072001227 -43.204512749549615 17.142844257689433 -23.357632795612513 27.417926951835987 -8.829267238561782 9.2876978455475 -6.0534742058452675 -22.877541218573263 -8.39946365376506 1
5 5 1243.7612209557167 108.37142914123979 -66.3546544557623 -38.84185461086676 2.4750189207305544 31.552902790929192 -16.370082361683373 13.74559934807756 -20.624912138267334 2.4432641075031905 -19.466332475015722 -14.025301054568118 -1.7768211479372857 1
5 6 1185.1256696877804 84.9329726973382 -74.53204355850545 -103.01891115021238 -13.993724528398863 39.24100064051379 -22.990553591424465 5.238217860999272 -8.47653875095863 19.838645952191452 -13.3566988174752 -15.93006761197207 3.403861017813181 1
5 9 1013.5069418619742 266.25506073833645 -27.867422352000187 -143.72162428511567 -22.208746378174933 34.15734273272133 -10.654231630741972 -1.3947240550794437 -13.617567029873495 6.743215322598156 -2.9162881063496076 -8.477270379419732 1.9169148511601886 1
5 17 1040.3896317798124 193.20563784087366 16.509996155490196 -130.79368338022692 -25.645557824302433 -10.203531479158533 34.80341214136823 -17.768874138022756 -26.722873065071024 10.270830160391496 11.863950855199 11.461525877031015 -18.700556625680385 1
5 18 1146.0254923034518 183.32029528648675 40.8904608258906 -118.31041297683798 -16.42845188697354 -16.451601517592184 -7.71847683921686 11.114865761256345 -16.98501907824768 19.011961944269267 -5.0993101169473665 -14.613014752968661 -1.4106642788233303 1
5 20 1004.9774618380831 270.0127849108094 -19.671377132776655 -65.59923431511342 -63.43645931558866 24.178850270892905 -8.139709807134608 -15.125524896346976 4.728959463092027 2.278212709551346 3.860337345903794 -11.159264056498623 -8.151788413037536 1
6 1 1115.8169987666483 186.89428620556495 14.067324995480686 1.1365557135342186 -64.35276640727302 -20.572185007016166 -22.78106857105144 -0.6475120226979376 7.347893706183219 -15.300862932373933 -6.414556845620769 -6.752474132886278 -15.711346167259835 1
6 2 1280.1687856620897 36.203724164549946 -69.93923845396223 69.1153469825563 -35.16244316722821 -0.5972073866711332 -57.643315304117465 22.15543269751071 -31.465353533979787 11.018350601092024 -1.995448159472939 6.943190022118781 -17.980595345302472 1
6 3 1245.17730865597 133.62582827903316 1.7576471291899465 12.75562539672039 -52.836196477393415 9.360961537879417 -64.83752024202627 33.731450444784095 -2.272987037446326 -23.340183060563877 -8.26466940869574 -13.331415575588986 -2.724952617482718 1
6 4 1259.2344619360547 26.873848747833044 -46.67515847532175 81.8623880699859 -37.5755368957921 -4.097759335684628 -46.51434369814345 41.118957999478475 -2.01005024903823 2.809053486877464 -12.424902340906767 -24.249284391081087 -5.455941581644133 1
6 5 1301.8264225183843 28.56138339657693 -16.799658586929535 55.23601591434531 -32.25348106873269 11.635979917335202 -28.88509344828194 31.19368292053008 -26.055641535187878 -6.363679707149738 -16.419684534763704 5.057793332943729 -14.234902795732802 1
6 6 1213.5302379113555 78.55177303471484 -37.40614100604044 47.38094231309858 -41.65015136531483 20.07788575855975 -44.12057687508463 19.20202786445809 -16.631264210926865 1.9853522884441217 7.582907435429187 -13.926843034406653 -2.834331248338383 1
6 9 1051.8746376608235 211.27259087300817 22.902774033977117 -33.413715578055765 -28.599108723111 -5.34496460835918 -59.73778696270914 7.39601842517551 -12.255213227646387 16.851079731269934 10.024955106888854 -30.66140751697024 -0.1506134053274228 1
6 17 1078.0270821410027 140.40570357911164 11.068908414393869 40.29296315031316 -43.031340903921716 -29.004790480615636 -2.811126831576912 -7.263463986260212 -0.5675677729824502 -0.3441707523507672 3.0032988877669604 -4.810282465094383 -1.6952075882730646 1
6 18 1292.1913076090539 81.58482422804816 69.87888721139565 40.896584544272656 -32.52023499810988 -43.60007032698245 8.337774469291233 15.840071272230688 -16.90718860006893 -4.153819453807935 -13.335699697924195 3.8975848356805916 -8.456548400743348 1
6 20 1218.0867720694575 119.60548468704765 26.944332910018254 43.36659456125459 -16.856497098684287 -14.815375693679961 -34.60735143562363 19.150305779357346 -1.3221563937125262 17.382284599165224 -3.721255945026341 -14.840914097530373 -2.4140039871099086 1
