1 1 1.5768e-005 0.00303 0.214 0.02453 1.519 21.76 0.008257 652.7706502102243 1390.1584819274296 2561.6527195569215 2997.259365144282 11.1226019981858 51.629012146134706 45.21415920140997 45.216686224099874 12.829927321797998 18.073478906638503 16.34686844173122 19.559535181293164 82.88621910134752 0.47085255076756416 1
1 2 3.537e-005 0.0028599999999999997 0.242 0.02787 0.362 18.928 0.025275 980.3723694782958 1446.241003944777 2000.7771526588747 2508.726829729798 10.077393890865865 7.8225425096126555 91.90244328714023 39.41087467838405 8.542672417886225 17.37262318760765 20.92936734326031 23.368427086305847 85.45856780032324 0.1900273194342333 1
1 3 2.0826e-005 0.0034300000000000003 0.176 0.02005 2.392 23.8 0.005331 660.4982321566647 1391.910933020947 2144.467174630566 2652.9816579080143 9.160567637345105 30.255610125179434 220.1299079807274 21.460558545525394 12.679821977197237 18.05072393926077 19.52699509481367 22.097778107606004 82.66853884874621 0.6064338623494268 1
1 4 3.324e-005 0.00477 0.454 0.052430000000000004 1.403 17.352 0.030137 909.3213970006541 1421.7087203073954 1895.1521730482596 2539.590608719404 10.42804414730621 7.754085299140627 53.222552378641744 16.98618273132973 9.210164885181928 17.6723963503351 22.095850979948544 23.08442935594325 84.03323500093265 0.41908503278062037 1
1 5 1.8756e-005 0.0028599999999999997 0.422 0.04843 0.929 21.279 0.011785 874.6420123998664 1332.8925862146539 1947.2805555533835 2608.411233221608 13.568010024952965 11.024034974035487 39.94680201439738 22.240768475635917 9.575346120203452 18.84998105612824 21.504348657196882 22.475367094471977 82.54254361380775 0.1928638497288678 1
1 6 2.7592e-005 0.00381 0.397 0.04564 2.979 17.246 0.022206 853.7966197671524 1403.1372029076417 1706.709423463826 2445.6343791243003 14.990793629751439 25.495866795920826 90.99028058021327 24.98495287252918 9.80912761435391 17.906303067109107 24.535518128805567 23.971285528375525 82.04232762362469 0.3537842100836132 1
1 9 1.9816e-005 0.00315 0.27 0.031150000000000004 1.278 22.801 0.006984 701.6683044166407 1222.0738470504473 1528.04398756024 2616.514368286353 18.271779931460582 141.93741339205502 155.7786433313214 34.4454895603323 11.935839124104206 20.559314038706237 27.404315805633285 22.40576268587264 82.05792829420462 0.4964106239187613 1
1 17 4.0722e-005 0.00508 0.764 0.08800000000000001 1.797 15.67 0.042452 854.365064461475 1424.3866029351857 2109.2498012250935 2854.756754929753 23.797132480516712 13.030486806946305 89.37504992944568 69.86827635543804 9.802601192827268 17.639171800847997 19.85303019854651 20.53590026497462 81.41352259451595 1.3726730587000686 1
1 18 9.3514e-005 0.011899999999999999 0.487 0.055810000000000005 0.811 12.938 0.078266 644.8571281653772 1245.0318583430915 2657.4089275064434 3111.1868014566608 18.200554385160896 13.434446161227257 36.355362879446446 170.73520052939338 12.987372914411182 20.180206499644722 15.757830707407551 18.843291560812652 81.13967087506188 0.357440742687208 1
1 20 1.9791e-005 0.0026000000000000003 0.378 0.04336 0.877 21.152 0.009761 720.628876813122 1217.4160185688236 1951.8257520443715 2485.8101517224723 27.608836895360813 6.503323236062667 33.700839452767255 20.832917714927817 11.621793504913706 20.637973886310927 21.454271702348173 23.583860561265087 82.70753459801986 0.3388325603199804 1
3 18 4.3159e-005 0.0064800000000000005 0.237 0.027549999999999998 0.79 25.021 0.004153 387.1295831141333 772.8969794757165 2643.1683279333834 3157.09259944128 6.305223663413199 17.174530521787847 30.635881979838384 108.50862040006758 21.633583082517585 32.50756655439795 15.84272918128557 18.569300124543396 85.34441119924288 0.3379127071136819 1
3 20 3.9841e-005 0.0059299999999999995 0.277 0.03158 1.448 23.698 0.005075 422.0471545921424 699.7108526820485 2317.453614756479 2538.1016480756807 11.856232608236562 38.87377316746882 66.8693658870697 40.454060178408085 19.84375420820791 35.907689445853 18.069401576523152 23.097971684643866 85.33382177133538 0.48240451799591255 1
4 1 1.0619e-005 0.0023 0.25 0.02876 1.509 26.653 0.002354 551.4329463113671 1305.8230530201504 2078.708220106675 2937.700978351275 10.373343218305696 196.30440840354558 44.754011439922934 56.47385444579173 15.187703339131007 19.240738583906968 20.144722378521724 19.956081450094384 87.13206781180242 0.27214267296358957 1
4 2 1.4269e-005 0.0023799999999999997 0.21 0.02412 1.823 22.41 0.009002 563.6558893914702 1480.065999572309 2066.998351229342 2425.132521491503 6.412014061259408 10.649127327589456 33.77699869913242 30.09600039820299 14.858356237600486 16.975594336509527 20.258845380836878 24.173936673755254 81.98230594484527 0.21899296819775071 1
4 3 8.227e-006 0.00166 0.199 0.02289 1.301 29.807 0.001195 504.57819350030474 593.7033964963798 2471.986031345768 2954.9822583081013 36.452368500799075 3.792175422596388 35.30325270721643 51.23597748130863 16.598022086332872 42.319111105427545 16.939820641786934 19.839374613899107 87.42180354674837 0.5948811618804397 1
4 4 4.5948e-005 0.007019999999999999 0.493 0.05656 1.752 16.027 0.066174 603.8005334786485 1663.3871408445561 2182.670399768975 2608.0043816502057 8.886008175359212 30.289214127189535 37.27269171282701 37.4933421016181 13.870474661142635 15.10472179509769 19.18521459054572 22.478873276625876 82.86780866010062 0.31280920451055094 1
4 5 1.4442e-005 0.0022700000000000003 0.263 0.030350000000000002 1.431 21.802 0.008538 627.4658188017688 1648.2576200154863 2033.8026094303777 2502.821123898319 7.03850711580213 21.895014481617356 31.347104863450554 21.08375370524115 13.347340602541824 15.243369540596413 20.589510410613666 23.423567685367566 81.17189748670694 0.27848007081810744 1
4 6 2.8837e-005 0.0037400000000000003 0.365 0.04243 1.396 19.107 0.016671 569.2196094521758 1655.2122908340436 1941.2063747013938 2448.2179042383227 5.629417972096133 89.91609907891416 14.597852694785887 25.03369388832059 14.713126288920733 15.179321794027873 21.571637382677267 23.945989406624783 83.58299298885699 0.38830400172470214 1
4 9 1.8099e-005 0.00271 0.239 0.02714 1.464 26.474 0.002677 494.07333461902857 1537.5571327352445 2606.1466434037907 3468.044219297681 144.63883342906257 643.1882126038347 432.5203840790834 369.2803489084989 16.95092491979519 16.340856196545857 16.067783486392244 16.90434039848322 85.3363598713919 0.7925158526020822 1
4 17 2.7293e-005 0.00337 0.332 0.03828 1.072 20.175 0.011023 545.4641540571238 1685.3632004054366 1929.475340854085 3161.0309198844443 8.22424378818233 136.5873948128352 54.046996937501376 246.52125414429293 15.353896195941278 14.907765871448865 21.70279096775809 18.546164680395822 84.06899998721289 0.5312262590895731 1
4 18 1.2417e-005 0.00186 0.192 0.02215 0.467 27.477 0.001982 434.2550417581652 1606.0999240829267 2355.3010694683103 3175.710368098206 2.760248594404326 20.620093615660384 15.486375209380457 36.9010813853663 19.28590158928771 15.643484955860528 17.779043427960968 18.46043662826467 85.40962226672484 0.4756649024985532 1
4 20 2.2201e-005 0.00345 0.55 0.05766 1.835 21.824 0.011979 433.452234862798 1652.228324974731 2021.359941852235 2475.0848868159883 6.709287025597966 42.81807957107797 16.1446944237855 49.61010696124773 19.32162145305576 15.206736030496426 20.716251041182026 23.686056309533967 85.16334122036741 0.6231502689710282 1
5 1 1.3083e-005 0.0028699999999999997 0.209 0.02399 1.811 28.712 0.001533 446.6987777724906 758.8284526316032 2401.140839301599 2709.6956277071426 3.9107223933049298 23.647512456691942 249.29324717721263 87.84782852223006 18.748652149358453 33.11025029816285 17.43962674516829 21.6352712830727 87.04604343455641 0.4779994198298585 1
5 2 1.211e-005 0.00203 0.171 0.01973 1.38 28.316 0.001696 531.9489142921071 865.2773987437647 1921.9293395236928 2657.1091737310994 3.0146298287832445 4.4565274867155935 81.18561271235683 15.574480684023595 15.743993032009588 29.036930857638506 21.788001847340436 22.063451731521845 85.54419649894211 0.10024249572028192 1
5 3 2.0176e-005 0.00407 0.243 0.028300000000000002 1.617 25.662 0.00413 502.17279991816554 678.9427571551622 2284.5142396989427 2786.028986881203 17.71144921432107 14.736212895414926 213.96076620536311 36.22160628159473 16.677526145113386 37.00606529080044 18.32993608545787 21.042494631625235 86.0161168430303 0.5180684895293148 1
5 4 4.4042e-005 0.00747 0.257 0.02956 2.378 21.382 0.010111 521.8700877121333 880.2912611642857 2258.617100179219 2654.9665771940313 6.393611441442019 10.214365521679879 102.69762014657937 35.55227328445558 16.048055248224344 28.541689675266475 18.54010580043747 22.081257257091092 85.79161673564306 0.23912257290750494 1
5 5 3.5069e-005 0.00404 0.274 0.03143 38.252 22.024 0.014015 633.7372580097336 994.7409448598087 2052.9907146326823 2640.2105779249528 11.05761866340508 12.492722291201957 62.730488679973114 25.62352096295015 13.215255840096697 25.25783233296075 20.3970722816894 22.204668252664806 84.78293001448972 0.3073634263795432 1
5 6 3.1805e-005 0.00433 0.444 0.05109 2.098 21.259 0.012564 617.8650776860151 911.8929054766852 2407.1291359361257 2757.2065081050255 6.201804257041214 13.089894042114445 115.6273671915164 42.243775238472075 13.554739218091857 27.552577554999285 17.396241595370384 21.26246250604269 84.51051971445905 0.18225125537502382 1
5 9 1.4974e-005 0.00234 0.223 0.025670000000000002 0.7 26.461 0.003097 525.3690997467799 742.4338830959214 1517.5557190275147 2699.64117452144 52.71339838903377 43.52255472216042 426.65937888617674 49.71985972471777 15.941173555956425 33.841397290799414 27.593714995080695 21.715848962924614 86.10970101287035 0.27625947507525467 1
5 17 1.5855e-005 0.0022500000000000003 0.334 0.037469999999999996 1.125 23.422 0.005698 482.70557886911905 714.2390081251297 2734.288197795579 3362.4897460075968 25.874149681804703 13.216560375716824 100.41731609168691 109.8836444644973 17.350120584106197 35.177300195284595 15.314771878750822 17.43499740619508 84.0216267582911 0.6195687222857665 1
5 18 1.2928e-005 0.002 0.25 0.028730000000000002 0.927 26.616 0.002431 451.3361955942462 821.2251641689143 2772.524003042361 3391.7943708072407 3.955992724943703 29.7819601806778 19.2037031380229 84.18360810556683 18.55601230690829 30.59453253046219 15.103566264547934 17.28436148859088 85.35383353598446 0.2671741926369803 1
5 20 1.4669e-005 0.0022800000000000003 0.196 0.02268 0.914 28.255 0.001645 435.27606825375403 749.6493299498633 2228.4933156700363 2609.5332144537247 4.57485498608991 6.198754191484323 71.94827289395917 186.99965100667828 19.24066267552666 33.51567058918116 18.790722729814217 22.465703703362312 84.4080371528423 0.5361346898746863 1
6 1 2.0438e-005 0.00414 0.392 0.04353 5.49 22.961 0.00619 400.7152971169433 1312.7520051882764 2304.81862076253 2832.5210476223383 18.526298642972584 51.634778368279285 82.51773778281864 149.14173691041316 20.900125501213072 19.1391823441904 18.168457865958235 20.697110105928683 80.52684848996216 1.338828009754528 1
6 2 1.9184e-005 0.0032400000000000003 0.186 0.021509999999999998 0.706 22.043 0.010593 625.4593802301885 1330.651257944577 1942.8427819870824 2545.9010411104773 17.158483662121892 7.621267402363278 37.004421601262464 35.50950039170778 13.39015812172765 18.88173167085863 21.553468138668165 23.02721081980029 82.29493409494218 0.21872017120960568 1
6 3 2.7187e-005 0.00508 0.236 0.02698 2.886 24.294 0.006081 392.21179430276084 1225.041486934659 2339.0458690109504 2605.7231440926244 14.795275325049792 19.956538650017396 56.62471813325295 48.854634394822284 21.353258932175482 20.509509488424463 17.90259889931383 22.49855289995309 85.70740227616996 0.7978645701414077 1
6 4 3.6329e-005 0.0054800000000000005 0.35 0.04043 1.397 16.887 0.034043 774.3479556942768 1396.2858445722707 2087.9648286007446 2581.971338355377 31.563315893754293 16.30405029425372 25.513386374423963 19.14365891049017 10.815551249813804 17.994166522325973 20.055414452580912 22.70551927866946 81.16526333114422 0.23000424607313374 1
6 5 2.6816e-005 0.00423 0.23 0.02605 3.029 20.099 0.023602 580.3214348608078 1386.5485438322157 2103.831886162028 2658.4341678549226 16.54367192472384 8.974884488080642 16.882705260919433 25.47311447468103 14.43165717635223 18.120533977525376 19.90415692215389 22.052455053759793 80.29938029315201 0.43940647163035806 1
6 6 2.6361e-005 0.0033100000000000004 0.288 0.0333 3.513 19.129 0.015197 551.9259163931595 1357.5454434938808 2043.152304963115 2444.447509964326 15.719164701916215 16.206463984712457 39.225869828100066 26.146937681358622 15.174137961722645 18.50766773253381 20.495290487292365 23.982924469037002 78.75117065950371 0.6429454864562666 1
6 9 8.367e-005 0.01421 0.761 0.0843 2.112 17.981 0.024199 347.9337451394872 920.9032580572607 2451.1506161624866 2859.574577324754 16.359229563266677 50.53979259864762 62.42354068342093 105.56636036061262 24.070674710331556 27.282996102113646 17.083813505332188 20.501301300155642 83.90558652338206 0.94128949244215 1
6 17 4.5894e-005 0.0057599999999999995 0.431 0.048190000000000004 1.247 21.565 0.008649 357.8628328130272 1430.2299542614323 2066.0419237036763 2822.785392117434 9.776013358280922 50.493985297624896 100.2432770583526 127.74864578118294 23.40282150612632 17.567105153362906 20.268223756531068 20.768493475879893 81.67258437339646 0.9220750165278167 1
6 18 1.8813e-005 0.0028299999999999996 0.303 0.03476 0.698 24.291 0.00447 326.2219538031976 1594.2256597403027 2475.5719646460398 3070.4084781009474 9.338588382217406 20.93504520857479 89.53108580203856 85.16626661607997 25.672705047473443 15.76000225971324 16.915282851002612 19.09355071747967 86.06247565165994 0.22326345636708306 1
6 20 5.7173e-005 0.00799 0.69 0.07859000000000001 1.881 15.768 0.030342 377.20202107091126 1457.1072722797107 2193.929812940787 2748.690491727195 14.96043625687872 59.48456009479337 121.4004845528272 36.929623926251196 22.2029563262217 17.2430681515238 19.086754623143534 21.328338049134736 84.77714227644393 0.5840878763851589 1
