1 1 1259.2856379299794 102.65155388166708 -52.48291728440704 41.28783132081614 -6.965767223948572 -24.181503417404716 4.953862026935513 -26.467198240337744 -19.93441244884446 -4.147734331536447 -15.07812645829827 -19.220261744165633 -4.897891976792546 1
1 4 1188.6765969987655 195.10405280815803 -28.69538722102888 -35.82938004132417 -38.900676600734556 -3.545354700489099 28.964350058945577 -29.56682407987727 -22.170478983451314 -12.849117661550858 -8.789294060753106 -11.971407465766688 -3.6081205893133017 1
1 12 1190.7036912236922 142.923854535016 -43.374984871664985 1.874137643659514 -14.341903855957032 -22.038274156624826 14.375740372026529 -27.07721652572549 -46.783681091583155 -17.40724073213913 0.49268501650641594 -17.061090992836807 3.015727538943208 1
1 13 1188.0090158400824 113.65092129251157 -22.23113828734364 10.532153525709205 -3.9673185003288083 -12.521796431939778 1.7861269557989057 -26.465488246922718 -35.747772857681234 -1.6042591387719687 -10.737348654280902 0.19121344529624562 -6.569054483794397 1
2 1 1142.6848436662663 132.28283529860053 88.38419419829728 -26.377439523473058 -67.62310748151307 5.104502041248617 -31.223354510138556 -15.446785357865817 -12.88192075249883 14.873004879408338 -16.833333929447903 -23.331881523609393 -12.370592769576332 1
2 4 922.9567113204199 231.24300222237338 106.10824521403457 -85.5486934892308 -65.39983908408765 -20.99136321890408 -4.9797008833469665 -10.265073919966413 -16.813963675103082 8.921298857183011 -20.701130761511727 -30.557362272760464 -13.453468662531103 1
2 5 955.4293717116955 202.94073888885072 24.12176125866709 -87.56879739658292 -72.63496458465215 -49.50984959202678 -31.78481613150187 7.188331393809404 4.881819036324378 -11.842720252056914 -21.89445486081839 -27.873901070968838 -20.397616945449737 1
2 6 1095.3368714389246 155.77955412481163 157.19203424982547 -80.92744212698213 -34.8555920133688 -29.464202783496447 -29.846182849021414 -0.9066480628213692 -10.896410264489722 20.1613070050472 -23.826890252958897 -5.864622434803291 -20.558566314064336 1
2 12 1123.721270300832 134.60889444086908 129.30178452208528 -84.66504515133902 -46.945037619213856 -8.630834570308657 -18.535546575325938 -11.016893656107841 -25.367065248575106 14.047474593216798 -16.850943995741282 -14.992904899056294 -21.29171647529733 1
2 13 1108.2363603946576 123.27464445892517 111.22397260175279 -15.519399744844584 -41.589745485445704 -20.70847271015558 -55.06861505094477 14.677021609666879 -21.111200647384663 38.705109189034836 -11.872177789271772 -38.712579768724275 -7.578734699744861 1
3 1 1090.0026352098062 227.57445382304581 -37.40943050378057 -11.223693616588495 -13.227248710992509 -8.926946025061024 -24.655747539783036 -36.162857523748336 -0.6394063613284547 2.8450939927710035 -17.390522723669726 -24.86616086486537 -2.6493322818547513 1
3 4 943.9678456436014 284.9034125026078 31.48960923859108 -102.251529455877 -43.55034219223838 -27.461835001032874 -30.600015335754428 -21.71143337718081 35.6712961039992 -1.7050973169489931 -21.052039771315222 -19.778924690908056 -23.948867519840697 1
3 5 994.4227884036044 235.26646692035163 8.313817381731775 -95.42565502153342 -49.8617190940577 -39.98871884763181 -14.628768757759905 -33.9998402503455 9.578575303464149 -6.011221554814425 -17.115191746245458 -40.02131139711785 -27.363403993577364 1
3 6 974.9801144945367 280.7473400668472 44.51156949882021 -72.06444539145399 -17.623182822676263 -10.434372160580468 -28.064687684562248 -15.421458292899208 -10.100647900325724 21.24398307516857 -22.10406040689756 -24.925322766694908 -7.4511534445432765 1
3 12 1080.1955236336419 228.92310197629328 15.410779911538365 -55.94697329970475 -23.37290978714494 -31.556717131081868 -37.13711485044073 0.26664207610959073 -5.65075863732669 3.61396949305485 -15.926346790915764 -18.756185822134523 -25.628343738404325 1
3 13 1109.257111998141 177.73350997410523 -19.536019640107458 -45.0594595928613 14.436813728212709 -25.164884482349127 -80.44474462325577 30.48522954136647 18.563278192376394 -33.424053872020934 -12.688403184140322 1.6237822439943108 -3.153089486132191 1
4 1 1195.9829706589771 108.19466247285555 54.54747485031686 -17.144711228507788 -57.2164891295844 16.182919446128093 -21.685293951032524 -5.857122452122314 -17.25101510402189 -16.810474836553606 -9.286655475792474 -16.310837139370026 -7.754110817732705 1
4 4 1054.3016424494244 181.49167471911142 48.38363959244047 -112.53727439360667 -75.29691805156823 -3.6519373100732087 -28.21824362000366 -11.092235927852457 4.573523061662826 0.3664219603793965 -4.007972635219568 -16.465444125499005 -27.48564981637517 1
4 5 1008.306734146148 249.6554278814963 28.625474706544868 -88.5207993848881 -57.39403489331059 -21.789167675286247 -17.32867097489235 6.359535633675867 -10.18140765072892 -17.86217844027744 -6.108970401264326 -24.883709083897436 -13.150355685177997 1
4 6 1085.892357361854 134.40207344704504 141.35582076803428 -90.138980481902 -51.66051997047787 11.101281725532672 -9.961774026553263 2.799740410433551 -20.881708032114624 -9.324644929413349 -21.291189253885904 -9.721669969710916 -3.531121390999176 1
4 12 1227.4385705076577 106.00549331997622 67.68269555686484 -72.87093199458373 -53.88225044439215 -3.3098696266713237 -26.296141495560047 4.487274254962858 -22.063114563159868 1.2725825009644895 -10.54035902529536 -18.194478247650025 -16.788193427312123 1
4 13 1107.0499574769035 112.37041291916944 71.08099977673744 -52.29312391232277 -59.620131479067304 28.59989988389422 -21.173315022622063 9.54938955650267 -19.892880316580733 -12.167652220374702 -20.55196981863484 -15.228603491041875 -1.167224797847735 1
5 1 1186.9722318082086 188.04201073816 -70.71558459193363 -0.3550113914092911 -1.5599639689276774 -22.36034322535851 -21.082454628920026 -10.900967322363023 -3.638703773541333 -29.047178614084377 -23.19643451494324 5.049750464392525 -13.045126316670537 1
5 4 951.4044755316858 214.67081306718578 -29.96030776339594 -114.34190564518413 -14.54832396827206 -30.969966541664004 11.933475444287104 -13.756343407849963 -15.088517906719089 -14.242340346899793 -38.469217200389835 10.027756166673962 0.03593110867959245 1
5 5 1038.0555999112883 260.77213586380844 -23.53743601164775 -100.8720393930794 -27.68829519772494 -20.565379236213147 -20.87272337156238 -28.385961887951353 27.934203905885365 -8.510467830535699 -20.038469468643555 -20.220244891895362 -16.236771706888387 1
5 6 1113.5138863951888 242.07144454977757 -6.68212903842441 -56.88220645389526 -27.292190451575244 3.8979054241465896 -28.41011208593414 2.5098606017703773 -12.020344359790617 -5.384176089714744 -32.66257495011361 4.0995390329890675 -6.139158503032183 1
5 12 1157.0818328926055 208.33268684852692 -63.68925413209841 -55.96064819860802 -17.94160549317132 -24.290355334423218 -24.64322585123793 9.6452434715932 -19.80000600543469 -19.864680488215498 -12.395766408169303 -4.631814862475419 -14.538745998451951 1
5 13 1117.356475534126 181.49378314155805 23.853723509639227 -44.62382528823082 -19.712375067825153 32.37845728279579 -43.281563218507344 1.6845556884432398 -14.504419270341057 -25.64097452135324 -31.971748528336125 -9.779551930724757 3.592675599782876 1
6 1 1219.3024020001546 113.03232168038134 15.875859410844898 84.16650319369047 -20.57789359214512 -41.86957280891004 -36.12853656553975 -14.36281160653668 -4.2522509049701 -4.256965212806064 -24.324964547790195 -6.0944855854658035 -18.283562675026577 1
6 4 1102.7895655547404 169.32967234858015 52.91290191572059 -25.012944933363208 -45.190803670816436 -61.81076464626814 -24.167392081140218 -1.755919921631871 8.403928356055127 5.380816862530445 -34.93971158356959 -23.23152021415222 -2.501204386597447 1
6 5 1028.1900109416185 245.2469931084001 -26.009719642698528 -70.13419043105297 -31.272820218535504 -49.31243021460302 -21.390719300544664 11.602993368258137 12.010231845220563 -12.620731949559683 -12.528232819559298 -19.87496734330182 -24.676627162152585 1
6 6 1183.3293774255344 151.70981597919973 64.46842868038941 -0.6318769377781442 -27.227986560599337 -11.93347468945843 -46.153542031275116 -8.582239531679315 -17.257997310575664 6.214659789030713 -14.033658628089194 -10.928436659068465 -22.130766442090643 1
6 12 1286.1531811708267 80.2237364373555 13.869557070209886 18.800769282857484 -29.12577517323499 -58.08001463539286 -38.51207531287101 3.510139907673901 -21.622007637127446 3.0650047504771925 -23.540513532441565 -21.438807898484665 -24.689131223310806 1
6 13 1191.2496469310797 153.81980008121775 60.23612962379124 28.73677405003421 -7.062007992649923 -37.44632077740479 -35.57653487739491 3.4243203267953812 -15.573131046319684 7.295683692464166 -25.245453533775265 -13.455188841819998 -2.6879880248696693 1
