1 1 2.3762e-005 0.00458 0.477 0.05527 1.036 17.366 0.022278 516.300124036166 1284.0535311488593 1782.1878156680705 2717.140713676955 28.609992943849694 59.45607477740723 35.77458629626716 120.565143928844 16.221185334081664 19.566941245448184 23.49640123889117 21.57598968095622 82.04477570200653 0.7410059865207045 1
1 4 3.0962e-005 0.00649 0.64 0.07199 1.147 17.343 0.031396 561.0686697855326 706.576233219913 1772.9922866125487 3233.17869211956 101.40894512625972 166.72427841941953 155.71208766231575 104.71793206714533 14.92687161306178 35.55879580820851 23.618264059121046 18.1323105162392 81.21930863480006 2.670024470808113 1
1 12 2.6421e-005 0.0054 0.714 0.08013999999999999 1.783 15.962 0.029546 595.2612252527 1329.9172216435973 1703.2700569069084 2944.053469989215 27.421545534864084 143.23846992504346 77.52709012759108 134.27973532132836 14.069453283211331 18.892153279246138 24.585062028298584 19.91302148469972 81.89734603249309 0.9693699002364828 1
1 13 0.000156117 0.026920000000000003 1.449 0.16139 26.39 8.444 0.245671 431.4389850937 1165.5914657183903 1903.5636801678565 3046.2435381187056 106.81459026899093 196.822636406847 170.68313971982946 111.54721289936566 19.411783101105513 21.55557992569436 21.99821337014975 19.245014151496743 81.97902336347858 1.3901837785876618 1
2 1 3.4398e-005 0.00661 0.49 0.05622 1.09 20.943 0.008832 355.7825847426721 1353.044014905143 2477.161365803723 2791.917789337907 4.26829762370719 124.72164114531515 76.79339823075661 68.48727265337527 23.53965696791317 18.569240707044862 16.904429633881975 20.998111127728695 84.50599328175683 0.4470378446981286 1
2 4 4.1132e-005 0.00889 0.726 0.08005000000000001 1.645 17.93 0.053518 324.13060666295115 493.180533118352 2615.7669456054387 3261.5801110007096 80.31752826857928 344.7441555837804 133.65430842886883 95.47061753087124 25.838349812823402 50.94483320567436 16.008689180185247 17.97441669522961 84.60596152717271 1.8821442018863237 1
2 5 2.4815e-005 0.00553 0.536 0.06164 1.673 21.134 0.010875 432.487268350598 531.5388692323281 2351.1363513253796 3172.9992871049467 35.5126740129925 73.73017290324795 106.2345694713251 77.25057172590246 19.364731895901183 47.26841526431855 17.81053658431774 18.476209634919147 85.56171375560838 1.661629097471122 1
2 6 1.8833e-005 0.00363 0.248 0.02894 1.041 25.764 0.002892 374.6939827757136 2494.405174485704 3122.8802829109354 3483.8221449794846 28.793534408197356 777.7415929489692 152.83542725225507 128.4958665760781 22.351573243739956 10.072541645196141 13.40909551645284 16.827782119843327 86.18133331558737 0.5929253532748557 1
2 12 4.1822e-005 0.00856 0.698 0.07876000000000001 1.883 19.208 0.013616 388.68999757592843 889.6706589046411 2698.3855874728133 3164.628695643352 7.5099382593673365 170.2411238953503 39.88900752219513 43.25352603177611 21.546734035428813 28.240787474023026 15.518538267623288 18.525080076758215 85.50549648246395 0.5515142003102646 1
2 13 0.000119228 0.01649 1.431 0.16313 46.818 11.807 0.092488 362.8541141077284 989.9436685144888 2523.734414380333 3055.822566412292 23.230473375212274 273.3403302564409 87.43705043593272 90.66254206867404 23.080901316482063 25.38023202643704 16.592474929768635 19.18468717535163 83.81402889285502 0.6948289698012787 1
3 1 3.259e-005 0.0064600000000000005 0.404 0.04419 0.863 20.506 0.011265 329.3156875655866 968.8528933679712 1904.1164753549665 2994.3608846150187 17.639046982302524 16.753041247758922 79.86681704696238 75.9757581586192 25.431524571182273 25.932729490706595 21.99182694020524 19.578468414149533 82.8334840508148 1.674178328863057 1
3 4 2.6679e-005 0.00571 0.571 0.06476 1.993 22.474 0.006868 421.8342151671172 718.6602841313438 2260.416544354887 3208.2541596167307 4.595966352442008 56.573887357357535 113.63544590109075 61.6048246395497 19.853771218349593 34.960885629527986 18.52534662453152 18.273178209485607 84.49416320331653 1.7705352708674655 1
3 5 7.4231e-005 0.01651 1.406 0.14825 3.697 13.918 0.079403 439.57335857577596 833.7708250319865 2438.4277347835314 3305.2218656679943 10.090202985392072 57.943174549249804 110.22176777140494 66.68636250467007 19.05256503063589 30.13417985576086 17.172950997343133 17.73708464443785 82.71629675523295 1.7170704078128505 1
3 6 2.8498e-005 0.005470000000000001 0.462 0.0524 1.142 21.348 0.009732 348.31367911118826 767.3734239240788 2271.7359173085283 3064.204155484413 21.252306609823783 33.085175095655764 161.3085021593234 103.75244377091634 24.04441887373175 32.74155608819439 18.433040425584327 19.132210853206715 83.52754726557073 0.9254996765706978 1
3 12 4.4092e-005 0.00928 0.602 0.06845 1.235 20.481 0.014932 399.3718545774757 884.7793261774513 2114.631656981064 3062.2545143260104 10.737856180458287 115.19191243231718 195.9996981561105 76.98961823279595 20.970431200918043 28.396911248535357 19.802503127084783 19.144391730255354 86.35604252306234 0.4518740693770394 1
3 13 2.1274e-005 0.00411 0.429 0.046310000000000004 1.115 21.954 0.009575 388.5337658632225 969.1946173013969 2175.8845238058875 2898.2732676872542 8.051085707514648 42.38777158018655 236.03995102522734 115.56025938282225 21.55539810392771 25.923585987257617 19.24504703344988 20.22756123572199 86.54745958953737 1.362914730266476 1
4 1 2.7276e-005 0.00268 0.459 0.0497 0.485 19.586 0.013933 414.13271262999416 1287.1465877265318 2289.519656774479 2776.65049150741 22.872195945559305 123.35788145510897 50.65304735466667 85.82718083399217 20.222985880090626 19.519921226981552 18.289862625156204 21.113568372868272 82.92249926804651 0.4766455385257694 1
4 4 2.7841e-005 0.00594 0.579 0.06247 2.028 21.799 0.009864 436.1747973761769 743.7343971791077 2367.725666214134 3062.608804537923 10.252761623331226 56.86662437024006 34.9115896263667 50.16811127688506 19.201017689192668 33.78222130816594 17.685748225619346 19.14217705935354 85.39994121816139 1.70405194736458 1
4 5 2.7315e-005 0.00604 0.622 0.07037 2.944 21.252 0.012957 432.2916181882376 702.9014324657279 2352.722607167214 3082.6957064466033 10.604897658201613 56.04966891236909 91.66547987494576 83.08133722476285 19.373496148503115 35.74469881482998 17.79852834007466 19.017446281643068 85.17867410242317 2.112666830778202 1
4 6 2.0179e-005 0.00378 0.285 0.03309 0.615 23.831 0.004589 485.4999580720521 2546.2830626598643 3098.0178975753242 3502.829341347496 9.700831984148172 39.8465982841019 30.10797176545665 70.32434071773245 17.25025895626768 9.867324009827193 13.5167069347061 16.73647051770089 81.87967136747297 0.5985068319367852 1
4 12 1.8271e-005 0.00384 0.372 0.04293 0.845 22.135 0.006754 430.88078156917186 1165.6556247484941 2504.6905456835943 3057.8615596946247 7.063326842708293 110.8277418327667 18.88293474449416 46.421101259047106 19.436930952223292 21.55439348171211 16.718632196765544 19.17189475571112 85.55789559841386 0.6539488460524583 1
4 13 2.5472e-005 0.0047599999999999995 0.48 0.056479999999999995 1.036 18.995 0.014029 443.5868375573706 1065.7293900789634 2546.3693133283596 3037.3932745555558 129.03558367560143 820.475981703752 192.25083067427212 218.71274066829366 18.8801814907703 23.575403131313106 16.444982972742938 19.301089684732464 83.94252323060384 1.114864023034689 1
5 1 2.0101e-005 0.00395 0.32 0.03634 0.93 21.342 0.008448 468.30203758019405 1128.977043223859 1749.5991625957754 2830.1490880573638 11.390480801605312 13.26092929871203 50.09270958211477 118.86984698653121 17.883757335917696 22.2546597832088 23.93405352222081 20.71445643884459 82.30847985896804 0.610647755531048 1
5 4 3.423e-005 0.00737 0.744 0.0782 2.17 16.079 0.0298 472.6696606091003 741.7595357188 2091.0012309577205 3238.80511143644 32.596759409125596 60.294426395969225 228.9552586298468 62.31645985071403 17.718505539804806 33.87216313390928 20.026291414864644 18.100811250726746 82.30387867591051 1.763267906149996 1
5 5 2.8532e-005 0.00634 0.758 0.07538 1.587 20.715 0.014095 448.2675523860494 867.2769497837819 2064.7700304854775 3131.886169865623 10.879238766830438 26.759414123005765 264.5731131235473 89.0600941527159 18.683038634898615 28.969984739319816 20.28070893210038 18.71875183845375 83.90456484740489 2.085537770092589 1
5 6 1.4992e-005 0.0028499999999999997 0.196 0.022090000000000002 1.523 27.349 0.002079 454.99221836205373 823.5893680416497 1951.5238564065196 2921.882410352812 16.442477655083646 57.28765481682632 162.10805815297763 41.94195919630089 18.406908210759134 30.50670755954854 21.45759062208311 20.064120237104664 84.05852961511214 1.0459474457049847 1
5 12 3.065e-005 0.0063300000000000006 0.606 0.06739 1.621 20.173 0.014142 537.6481226708114 988.2869576197185 1659.0438712065884 2928.8473259257566 17.18469669950301 90.12701773737504 211.38046826357203 91.40812291983346 15.577102656653011 25.42277807704087 25.24044163434037 20.016406960191986 84.22407983899653 1.191861721988375 1
5 13 2.5993e-005 0.0047799999999999995 0.567 0.05894 4.164 18.454 0.016328 486.8243665632878 947.1854559452082 2090.3392142518983 2784.6969253083025 29.43584852221363 199.6261798625001 210.9601474385779 170.11738918712646 17.20332952749036 26.525956286910517 20.032633801488743 21.052560322523945 84.39790768890255 1.2374510462904385 1
6 1 1.8482e-005 0.00363 0.291 0.03345 1.033 24.524 0.003917 245.83419816101866 1388.9663967041574 1985.9220045713328 2868.6711114571585 11.327879675804418 29.00461138862154 27.48417193077773 55.3958693613649 34.067676762020184 18.088990532541654 21.085923769216127 20.436291830687097 85.25380398934183 0.4379579895862883 1
6 4 4.2182e-005 0.00901 0.656 0.07374 1.793 18.735 0.020571 393.7940684604892 1332.6161258830373 2108.839024010308 3122.8022822092325 14.117388873226293 250.21555304777104 244.12779284469877 49.72265393768069 21.267461017738245 18.85389161364929 19.856897336984844 18.773202624447176 82.97094958212092 1.221264202086612 1
6 5 4.1687e-005 0.00935 1.036 0.11714000000000001 1.335 15.875 0.028216 435.5903324457994 920.7125327643038 1692.2869817440233 3091.3691378926737 8.520659485235544 101.7169915063155 314.19515766552377 111.02915441366102 19.22678116609051 27.288647765623313 24.74462100798341 18.964089173757984 86.3046481858373 1.2865829017595412 1
6 6 2.4617e-005 0.00482 0.246 0.02834 0.935 26.764 0.002326 299.24538209152996 1085.3673493433935 2477.5640181175277 2939.1273226790313 6.497863570552043 47.61740840850775 41.36344685029607 47.196420091769895 27.987065135188434 23.148844504305092 16.901682335464717 19.946396859923365 87.22855695717968 0.3454562571723256 1
6 12 2.0783e-005 0.00446 0.362 0.04198 2.354 22.609 0.005806 351.3688228863584 1376.3434873003127 2197.964079390594 2970.166229359414 28.10838864083031 37.93531470180138 114.65465109934267 59.95522190027136 23.8353532086388 18.25489075353021 19.051721724046658 19.7379525160933 86.15628636113264 0.7153675440638748 1
6 13 4.4991e-005 0.00819 0.59 0.06681000000000001 1.525 21.108 0.008273 259.909496379006 1247.4053225089976 2376.956257866609 2813.314500625476 11.315023537934369 79.80661340808486 165.12488052044787 95.39405841231223 32.22275490768288 20.14180919916571 17.61706798827846 20.838409636379467 86.93713590716696 0.7676135335657257 1
