1 12 1215.0949790969898 150.07872855430662 -98.76486123840232 -46.677133781054714 -20.044069235465482 -3.2856241458989266 2.7471296101667937 -22.618338999837906 -12.735236061430099 -1.997968992972214 7.953278794515619 -32.87033489188175 -2.699192131392792 1
1 14 1196.5886862269863 73.17813722106476 -135.2906209355899 -1.3973211128713756 -34.03559625542958 18.596768283574697 -29.435198850725065 -3.7425667842929373 -10.126826555219123 -24.074281233447596 12.475432300949425 -2.0458035892091186 -14.783889198105834 1
1 16 1303.1350034113652 28.522155653988644 -94.99578455794449 -20.16290494719105 -8.04623233067078 1.309720480138626 -12.651480674989498 -14.964247320732081 15.854601457839431 -24.633995267378403 5.378125651775738 2.240331702592207 -4.756169390788 1
1 17 1268.6773006298256 30.75587985840236 -89.98348719927272 -8.460901903163533 19.884797753800346 6.95894765781969 -37.190218642138795 2.6085111813859694 -9.18066160208514 -1.5647625754410086 4.595842858403807 -12.326738622412963 -9.502417678847001 1
2 12 1073.2510605884036 220.98351249889518 82.47985172544836 -111.55742292429159 -35.64630063084743 -22.833189485804184 -0.454996959669486 12.063928536373735 -44.379089437233695 -11.307370042384632 -17.95712554413288 -2.7283566526988667 -8.113909789034663 1
2 14 1193.6648136741858 111.75043593280415 106.0095365992844 -50.694075131977556 -77.08136343240726 4.97279428289576 -47.791306383581016 1.443319882078912 -2.41499406733109 8.284923757724283 -0.6752910664833911 -17.231743125023897 -12.133053201288678 1
2 16 1109.5692943434399 131.95979732365515 164.5181538763127 -39.51023440301096 -75.20868278479044 11.062678054434992 -57.620730253226434 -1.9935509544283363 25.79732991941368 -29.8374765994851 3.378820440341809 18.34329224298425 -8.38506539430567 1
2 17 1128.9329907568108 112.56880975874914 134.99892106961448 -15.69511731643308 -90.51492962256587 27.949603437160786 -78.86650187401311 2.787317009512725 32.525401630800246 -41.839262703485495 16.539200757097152 -31.515546907035738 -12.654107725194192 1
3 12 961.1548360918644 286.8128921462167 -9.238801606669643 -114.67357435644627 -62.70648160727315 -5.980420338937499 -22.99925489899665 -14.660528358517134 -11.34799921849364 -11.484257921686122 -26.0693190505641 -18.968583834313318 -12.17377964536682 1
3 14 1125.0636852127334 228.65474302075978 -34.91757744195941 -67.31825021548654 -43.40328909307357 13.926424560277932 -48.79240448002807 -3.4268541283940093 -26.926104503756015 13.517714134061546 16.653370527967905 -10.284191120712366 -14.526038982675587 1
3 16 1025.1216922543717 251.09151357102832 -10.672590387706132 -94.91337862619443 -51.279322322343845 28.450287157141002 -31.47478322646354 -17.48613436660974 -18.820162582709603 17.734417547810466 -11.311048647762394 -3.2738258402141884 13.601130535857523 1
3 17 1028.3886838594722 248.05463218995547 21.59296054940818 -76.04841315735796 -48.171017742257355 17.555897197741444 -52.93743632420568 -13.581524424269245 2.68636129462542 -1.769704405380421 0.8169769163545112 -30.80889680283614 -16.858337984494764 1
4 12 1108.8727175133158 185.26400142797914 32.188265643969686 -128.4709355718258 -48.12892415112533 1.0675527187306106 -20.533389299869444 -35.35431596072945 11.144793251257221 -5.922826301496565 14.360341674382878 -2.731676905493368 -21.461053179498965 1
4 14 1208.2922849866404 72.0734145848287 45.737807299563244 -21.472435867344903 -142.7204044333748 25.939858476745844 -36.03331438405139 -17.467050254411994 15.266845862895371 -9.973339921142147 15.884736737901543 -4.77611046950435 -5.696334821010668 1
4 16 1201.9614483163962 83.59085766225645 60.26178202293147 -21.679218943739034 -123.29076071675682 13.651405889485384 -14.310530233690331 -9.091120158107517 24.967196900042616 -14.453846448333174 -8.345694696128978 -7.258991052851809 1.6567934021910955 1
4 17 1191.524742545411 85.89327961362675 41.08391907422697 -29.748825570484907 -140.89191824226555 18.079248465405342 -44.71811818787918 -3.1933547961243414 4.182803650305862 -0.41772650031093345 7.241685287746283 -22.044787129055155 -23.606572618186288 1
5 12 990.2903757934316 286.8293862426213 -31.898398731778876 -137.8919298321183 -28.559059448490885 15.141897561332149 -45.19126766070294 -27.26226110845233 17.0800022899409 -4.730997331217451 13.2903876064457 -14.837456908173115 -2.1029328218787655 1
5 14 1133.2973474003293 210.89325379689035 -46.19535924847221 -79.3536425599969 -73.04793718696705 38.46933747266985 -58.7511396936005 -19.89214326934418 6.559099401322341 -0.43053226118163124 18.043954879889384 -18.01621738918806 -8.949785527942142 1
5 16 1095.7300217400223 232.1209513930078 -17.449907147557504 -76.15646979588313 -61.1434804703116 38.278087721534966 -50.605920324107124 -20.420268118785657 36.75666903037737 -15.582154406295537 -1.6511436178521282 -21.06521602042432 11.987400346544037 1
5 17 1097.6494916578374 200.3690788666729 -3.1354067558326046 -91.64384765236889 -84.99436448867559 40.52819748228647 -62.02029957018015 -12.708108430823392 11.31618600282324 -5.756268892994307 19.00363739766027 -30.628389603464363 -7.094400012412769 1
6 14 1340.416169317394 83.96431729504019 1.8321481857125461 -34.086043229789006 -21.09953574462697 5.791881722575533 -27.032281061158248 -4.48737932473627 -6.71516860478339 -21.648136573622267 -12.326182852266534 -0.7908728684803781 -14.165493858499694 1
6 16 1338.6753539439178 71.72286114011823 20.912475853092953 -32.0510992627151 -46.97698139636952 47.52135435326339 -59.9939266578897 4.729579842034433 -0.2178646641939671 -0.34073025729791295 -8.26089816833077 7.0645815650485675 -9.03925320711268 1
6 17 1292.5887456787027 80.43874059759628 40.48163338121514 -25.83273052215302 -35.37466535730087 19.584991761119763 -58.00235828161766 -9.202236649615843 -0.3638298683827187 -18.72100481651413 -3.978933209591261 -5.21153837285595 -29.749034734934106 1
