1 12 1.1478e-005 0.0022 0.241 0.02638 1.502 25.484 0.003035 661.4523759937482 974.309012482713 1766.4791243288482 2706.93305260673 108.91961419552045 341.98687740079976 337.06700525339124 493.3201010533621 12.661531357291787 25.787506507793683 23.705346654413415 21.657351275660524 84.55627239788552 1.3358063921457697 1
1 14 4.3277e-005 0.00788 0.546 0.06344999999999999 2.195 16.996 0.034275 739.3283630341825 1245.0366007020536 1981.461655484919 2287.3522643172178 17.709342740203244 21.205415462126574 156.94804531744222 108.31203860956708 11.327848921728418 20.180129633002327 21.133389023242046 25.630070590591675 82.05512913267802 0.44280176236240365 1
1 16 3.3256e-005 0.00515 0.276 0.03184 2.472 19.538 0.021193 747.471625174515 1231.413392344007 2049.153330940138 2716.758983114019 17.176780712211073 13.585602269630904 40.11218193407142 89.57386435193281 11.204438694304493 20.403383750906205 20.43526922447918 21.579021313404297 82.31989764167861 0.349366844387983 1
1 17 1.4251e-005 0.00229 0.275 0.03171 1.403 21.398 0.007834 874.2182438599177 1270.9897860602982 2194.663475226711 2747.332858017821 21.36923261852478 18.681803945810078 47.09277791311933 34.44162912889009 9.579987673354923 19.768058150868587 19.080374040340864 21.338877751528614 82.57125550098402 0.43986852770785057 1
2 12 1.0203e-005 0.00212 0.252 0.02879 1.538 28.681 0.001504 358.52464641845626 613.1434724664427 2808.213361127277 3332.713119160396 10.999754541811566 10.405074587410565 52.70072084130612 110.95053158340764 23.359621391900127 40.97735869050631 14.911616253827123 17.590773014020865 86.96448519820987 0.40606859853921606 1
2 14 9.232e-006 0.00172 0.302 0.03459 0.846 24.627 0.003745 364.3079942992044 1842.9670285821896 2408.163957809616 3026.0619701340597 3.0734838617512064 103.32587667192692 16.39937927995627 93.41070568932157 22.988790065149253 13.632908028381213 17.388766186039955 19.373363988776084 86.38974692206816 0.42594086952050547 1
2 16 1.5105e-005 0.00235 0.313 0.03483 2.912 25.203 0.003386 334.5271532600655 1406.784301084429 2315.8753416120044 3041.2789662768514 12.241652404624494 297.2964788682436 16.93108381527645 47.025517676036856 25.035336947638363 17.859880850697742 18.081715905680912 19.276429637025046 85.06541565937226 1.872565842171684 1
2 17 1.3837e-005 0.00263 0.303 0.03561 1.631 24.535 0.004039 354.7940450407093 2090.1593451918616 2361.582719062153 2689.9431354328153 7.859929256554701 307.3741098898306 82.05920687272837 185.3614182564027 23.60524399173342 12.020614628160661 17.731752380297596 21.794141009069012 85.74442767752711 1.1880507960933344 1
3 12 9.569e-006 0.00223 0.185 0.02125 1.342 30.133 0.001136 441.4684624102416 676.9736080089591 2020.0389959902395 3049.2289732911527 7.172100085274977 7.9706308952630485 200.98556599757677 110.53929736637234 18.970777559683068 37.11370680150281 20.729797832181223 19.226171767849802 86.50995599011756 0.3294128383416335 1
3 14 9.831e-006 0.00184 0.172 0.01978 2.305 29.983 0.001082 385.4633603009098 785.1374095509124 1957.9181785711194 2719.4377252459726 6.657278174713841 13.57214618119454 105.40193901017612 189.50790484504842 21.727097469035975 32.000767883893275 21.38751274609453 21.557765215858137 87.05118076826662 0.28311394506636384 1
3 16 1.8114e-005 0.0027700000000000003 0.266 0.030430000000000002 1.272 26.553 0.003034 352.9395409286974 748.4261428658367 2425.8172511944763 2615.727735727904 17.938310736710072 15.781412961242934 65.27836879435233 126.78555651356021 23.72927662897357 33.570446782888396 17.262223681268935 22.412500811628185 85.70325157070961 0.8134051001336352 1
3 17 2.7325e-005 0.00569 0.39 0.04518 4.117 23.553 0.005337 383.86316629316 788.6301258808437 2323.1607265343505 2610.4925505790766 10.562496213741559 30.487267947085886 136.84102526502707 123.28023372391608 21.81767029349185 31.859041615912357 18.025012011316313 22.45744772839724 86.8214957242113 0.9129038580271023 1
4 12 9.987e-006 0.0018700000000000001 0.184 0.021070000000000002 2.18 30.653 0.000947 393.34610717802565 752.0552779436315 2265.625239799004 3250.846709674415 7.338161678959187 13.471480615118113 29.98477037870631 47.76553493648508 21.291681415343295 33.408448470304045 18.48275666443183 18.033763273283203 86.90950428593114 0.7662737170912309 1
4 14 8.762e-006 0.00161 0.202 0.02339 1.316 27.813 0.001903 389.1045346731848 2044.9436323946857 2253.4395661683793 2453.7410278923912 3.6491264615638426 64.58279515198363 78.06525157217871 69.58044831561323 21.52377896863705 12.28640222741882 18.58270380474497 23.892089398837324 86.20580904243754 0.491508772341487 1
4 16 1.3807e-005 0.0021 0.258 0.029380000000000003 2.05 22.542 0.006129 416.56029372182246 2092.9289943762938 2267.6828847806873 3135.3004052064607 11.303792277293665 28.542224424741335 34.16391304124743 121.99715016118485 20.105132741222803 12.004707310907799 18.46598582237385 18.6983677553346 84.52853399027086 0.4013925990000466 1
4 17 9.1e-006 0.00185 0.197 0.02261 2.024 26.857 0.002284 409.25385887006837 1911.1328197678663 2224.554731699911 2562.6499728739177 3.5643342832746168 122.95759741507331 15.900518550479351 47.81757728228418 20.46407093905724 13.14665299037237 18.823991787336645 22.876709898173967 86.78538726952218 0.61183843547957 1
5 12 6.863e-006 0.00132 0.106 0.01208 1.609 32.564 0.000674 409.4082632075968 797.9281383676375 1817.7347889492528 2924.2354052178944 6.1399265635489595 8.828847046852248 207.50797993178168 155.1643966655775 20.456353114087797 31.487797950576727 23.036913995691293 20.047975582058744 86.19886641343743 0.36253714451519364 1
5 14 9.244e-006 0.0017699999999999999 0.136 0.01572 2.685 31.059 0.000866 401.5032555031115 808.1794914515117 2217.493645078217 2434.422552844347 4.249402108224494 13.519286408618461 77.10752065575085 43.48459579049989 20.859108575609287 31.088390964827425 18.883932358923605 24.081686201725056 87.77584355603142 0.25565118576503565 1
5 16 1.2363e-005 0.00189 0.145 0.01664 1.607 29.66 0.001243 442.33524522161525 874.9608122430192 2269.9437463431555 2486.8410590196804 2.812179364563473 7.196129029118664 51.27713171399289 163.54218566169214 18.93360316744379 28.715571770112106 18.447593720091074 23.574083991966152 86.3990552612929 0.20539176959680874 1
5 17 9.095e-006 0.00186 0.161 0.018580000000000003 2.338 31.994 0.000809 411.59818992406224 825.8283942021994 2300.347662981024 2539.3582255254432 4.893556335890533 10.215152293051782 79.26549238275341 177.7473449845195 20.34751416556313 30.423996288323654 18.20377009696618 23.08654187136962 87.6617947890943 0.5666540941717879 1
6 14 8.693e-006 0.00169 0.193 0.022010000000000002 1.244 25.278 0.003141 515.5164594968692 1132.7414306781784 2254.9918858752776 2897.9338604508657 13.66978106567606 22.017481500580928 27.77077485354574 21.562800895372852 16.245844037984327 22.180701896775794 18.56991160912589 20.229930296228023 84.54481971652116 0.2117673330389855 1
6 16 1.3628e-005 0.0020599999999999998 0.283 0.03248 1.612 21.354 0.008195 541.337090654024 1010.829603338795 2288.268200928587 2730.156420034759 31.955582714245573 48.848670094736086 13.055062929005572 22.94318984127121 15.47095173153871 24.855821314503956 18.29986536674634 21.473128634605345 84.40044898736079 0.47826862995588704 1
6 17 8.693e-006 0.00178 0.216 0.02488 1.556 25.838 0.002813 423.9010945055107 1125.2298545022916 2291.2611322196503 2732.1444719691744 16.634171390858 51.02671719414664 17.204358913325603 32.76270040893285 19.756967152372205 22.328771227913446 18.275961395737447 21.45750365746451 84.99800219468324 0.5569402340838279 1
