1 1 1241.6244902654926 79.73030348926493 -81.47256751505395 -5.24433325851576 23.365755271387044 -10.050567087028892 13.583315896956105 14.750038050550954 -50.81227081340543 14.874165117808062 -6.0972265691542935 5.9705472237509225 -9.156164972868753 1
1 2 1212.5701156345824 150.77200017110067 34.03213874694127 -55.37429654796885 -4.766531218493264 26.736654538987246 25.43365083389275 -7.469854205709637 -34.57888426155114 2.2557139641835304 7.535197598464548 -4.343788700928362 -8.646572371040442 1
2 1 1210.2318599837558 98.27636519700613 108.07318166781687 -7.008035200239937 -68.63666684590088 -33.880599325829536 -40.697913285807765 7.7744513209750465 3.9506440611652462 1.5436116831886377 7.931104094701187 -16.919979238470177 -11.8361397161964 1
2 2 1034.4102841380384 159.27960607222434 158.76571800583312 -31.91418926598432 -71.90672332940858 -4.61147004301352 -21.214092795926224 -0.0044114390873523646 10.80605895962365 -1.7182074544372763 -2.7104554366783846 6.921749666157088 -16.12622421233217 1
3 1 1158.7901132887223 187.46223842553783 -17.107481359580998 -35.483281516213395 -46.14232701906474 -5.096891066506493 -31.332904267169962 -18.78386236458017 11.754042759928126 29.389092846552256 8.152356823640915 -15.116025411768135 -6.398605026543629 1
3 2 992.6685576236092 282.84535828924555 40.007596827157776 -88.71098544056055 -30.57308619641014 13.03566380740869 -27.24192748840107 -17.580562607359134 17.547994286246638 3.386662020372875 5.528030424276124 -10.665523501428632 -8.800202413454828 1
4 1 1210.4010220185314 122.6989391481349 35.202618446824076 -17.092336392981377 -58.258438881517655 -14.652451609644782 -13.116889126408505 12.03589678628855 4.26928574792016 4.912097596323298 -3.2138732403526813 -3.354374952242381 -2.4189065258112916 1
4 2 1107.8080462284647 189.64041933237888 106.07479911829826 -60.8193332778359 -76.92148830269187 22.22424861638493 -14.67742791421651 16.286457325950916 -22.9455660400536 8.81158596513569 0.579402559816313 -8.350121933420093 -7.414691001233507 1
5 1 1145.6584428196757 189.56915352214855 -49.896324041625384 -45.03177515191923 -28.29288580398437 10.456744315740647 -25.232399441761174 -4.721126518912983 -8.269750651131897 7.638413292730281 -2.1109835059300863 -12.932005318408535 9.586538154661381 1
5 2 1027.452912064701 267.4717142213682 28.217947583610563 -83.63713602827245 -27.205476744305614 -5.971262719472518 1.6090030336210421 -9.991821531637996 -0.650357056751545 1.0482233679370385 -14.331931372309398 2.3230321246590613 2.962945010847969 1
