1 1 2.683e-005 0.0032900000000000004 0.621 0.07151 0.707 17.087 0.022579 763.0255840926487 1413.2284868899228 1804.8061171373106 2938.9211705045727 9.168140516329432 14.053190253670746 150.11220041504896 44.47652958021895 10.97604087543031 17.778441513935462 23.201938203988327 19.94779601044382 80.42775806344856 0.4171655884532227 1
1 2 3.4779e-005 0.004520000000000001 0.862 0.09598000000000001 0.877 13.322 0.069845 584.7850212711905 737.9851270121594 2348.153711039485 2875.2986006475153 53.22782951058291 43.67839790505759 176.94940517173515 107.91943330604721 14.321502253588235 34.045401567538676 17.833159645014334 20.389186704573113 82.40911601367715 0.9956045441450595 1
2 1 2.2844e-005 0.0028299999999999996 0.388 0.04459 0.38 22.644 0.00583 346.67211580175865 1741.7857595751652 2385.5433556909675 3057.554678733062 3.020059982219448 111.47668996935533 32.82916451702186 59.2711564071429 24.158274110483028 14.424850967967599 17.55365288168112 19.173819002410138 86.02266454001034 0.40194567412624044 1
2 2 9.8883e-005 0.0125 1.24 0.14144 1.146 12.997 0.088557 343.16348656741945 2150.3034219467017 2934.397194213381 3650.014875681027 45.726884133121814 736.1247245172549 211.57791356568498 245.13699966357012 24.40527715746532 11.684397533653163 14.270392598035917 16.0615783761872 84.36990181304839 1.1281145178000322 1
3 1 2.4317e-005 0.00301 0.539 0.06038 0.39 20.555 0.01109 387.6067810186565 934.9361470798805 2193.723482772169 2759.9700263113027 9.282762401007654 43.17846689681425 125.30679095849312 86.24613164271584 21.60694913022404 26.873492995723623 19.08854982355539 21.241172708803745 85.13091621563797 0.49603412711306144 1
3 2 5.1995e-005 0.00676 0.892 0.09482 0.748 15.356 0.049091 357.6677408090344 735.2771744740089 2390.555563214738 3246.920077329877 13.414888263717797 38.148635922963145 142.61285329822385 69.6888082327868 23.415586714798447 34.17078738772699 17.516848654079357 18.055572235769535 82.43834954506704 2.8981880806210554 1
4 1 3.2392e-005 0.0040100000000000005 0.292 0.03399 0.404 21.606 0.008135 414.5497455762615 1499.0584063381812 2305.9738334183935 2792.4263368275083 5.6079105835303995 139.0306694877129 46.65030426721448 58.2932075976577 20.202641756197426 16.76052106693694 18.159356100725642 20.994287020872395 84.39370042822732 0.4029397129858467 1
4 2 7.4886e-005 0.00948 1.18 0.1304 1.038 15.361 0.040924 399.91390163122446 2204.69947472039 2815.7602232449162 3593.3784604118528 61.218576912185995 670.8845004350303 131.7390169793479 251.3828349134282 20.94200768175071 11.396111029230624 14.871649813897415 16.31473017547969 85.26603709428417 0.5958940941871219 1
5 1 3.119e-005 0.00385 0.356 0.04119 0.493 18.293 0.018866 478.317648909716 923.118027409925 2177.5716893841545 2656.090412254534 10.134832905893889 15.76077529983631 136.90817139930905 56.063509244864434 17.50928492622025 27.217538011358595 19.23013612095719 22.07191431794602 81.85010922866104 0.3516287244096848 1
5 2 7.3587e-005 0.00941 1.516 0.17548 0.929 12.257 0.074598 395.19821431541664 700.0794735276037 2436.1048669839356 3131.2113604800575 17.842826299912947 24.66649306223204 126.41631086863023 121.81290595098521 21.191897373594212 35.88878255978368 17.189325700844773 18.72278592876975 83.81812551057249 0.8805517817602673 1
