1 1 1143.5613668503713 188.5739210428097 -96.53811143179318 36.15145408190736 -2.5843102494245365 7.389174857614899 -2.821759267162446 14.693885628101102 -3.3018388331016273 -22.341904870232124 3.870363752635865 -0.6004976189753353 -3.954335935708792 1
1 2 1147.836881566118 200.5837107370233 2.1127011549922528 -42.74439798770557 -20.618966015339566 -0.16285374355180815 18.49109377978874 -9.666135901323218 -16.094359613969306 -23.578098383538038 12.91015463952544 3.053128727783818 -2.2381012228669666 1
1 4 1111.9444528997724 197.2405797680691 -3.7429043744943797 -40.76866485962428 -23.484288627027734 22.71840841086832 3.824374346088338 13.986422367907116 -13.026448445118602 -14.733228317149695 19.26158012846134 -11.694700167443672 -0.9483722014520013 1
1 5 1158.5421666661678 180.02402288245764 11.51955746762831 -32.639939614279925 -48.758889861245805 20.28012103951955 16.709579390469923 2.668784887148657 -5.556246990207266 -4.730417099088945 4.539488545468966 -2.8944861159421578 -8.448780139659698 1
1 6 1224.3976401420325 84.07359944613984 61.27215594524874 -50.56820105925998 -22.43538052411691 -8.970267242596677 0.34731879004442184 7.9330965309666315 17.456923257062996 -41.88243602078053 19.021043025575178 -9.27435694152279 2.2772813086752746 1
1 12 1296.8893435618058 126.73959701533344 -3.8833755920681488 24.126853041815593 -6.758340650970862 -23.606917607557033 22.11852726802889 15.797827028784498 -21.4414326806438 -9.131221003960698 4.631655744702268 -3.8006690985092173 -1.9354663022822778 1
2 1 1163.9991426879806 86.02189227862553 121.1342523465352 14.480283233151317 -69.44447978588582 27.57758087064212 -37.123102653565894 -4.7905681175432155 2.4234108707222393 -12.021214363315984 -10.942229183927633 14.416043009946598 -1.9260496944193382 1
2 2 1045.7121108055449 151.29450807284775 148.6753830756522 -1.5451746034054334 -90.84388897886953 -15.519619704535218 -25.620342108319736 -14.042764330953231 -6.853555983133889 -15.159537852622499 7.912271331567185 9.739718353010508 11.109924408349743 1
2 4 968.7946211277913 193.98292081820603 127.730473027276 5.951251826572473 -29.647817457092398 -9.456398307932337 -27.649401589454353 -13.3783917955639 -2.105643650279776 -6.946025794503096 17.833672476921038 -4.329148678629223 -5.144194762979854 1
2 5 1008.1829627113572 171.94786482832663 131.6048207942752 -41.685226474143775 -61.13620450736315 -8.643787868374217 -26.398526894836635 -10.842023503539702 -15.638869659278342 -4.9988765283238354 -1.4694633592915238 6.785178418483553 0.02648919451365947 1
2 6 1118.331341640619 100.96802885862415 200.11843325705186 -32.646073304989756 -52.093754041988824 -18.07741438800192 -29.595763509427893 -21.037116854991023 17.641536183979014 -16.76364337479569 -8.789777211757634 -2.688442710151286 10.12411366347901 1
2 12 1068.435929024941 143.31644580128142 152.73804916576796 -13.16581014442412 -46.76608354315737 -36.41569031376101 -15.050826317661299 -25.130749791493674 -8.46128510874494 14.43097753842567 0.9214667829492882 3.440831942091473 1.0999345829189002 1
3 1 1107.5582194058857 195.93431558661672 39.79125535977675 -32.64719259590772 -24.53486463904664 19.48915308563221 -9.319571877568714 21.537356038606678 -23.901723147826484 -17.378007415521154 24.59652137933485 -12.048734143189725 -4.297305776385384 1
3 2 1000.0014405260628 279.6504327233859 72.2290810777376 -85.15784131198852 -31.02395636989936 -6.4191881899702 -10.33245151109944 -19.604671607840075 -12.529074073845404 17.02319976043995 22.587459475799943 -14.859207711876133 -12.314430617631771 1
3 4 1026.234333594937 259.1821515146318 69.17437112456231 -86.2614321152037 -27.394907710245594 -12.069363034982377 9.263239257790765 -18.57146903032911 -8.321454385597525 -2.558725784240919 20.081396227575176 -17.638467403169653 -10.096550715119795 1
3 5 967.4788155691617 285.5704186592972 95.09858865211231 -79.90339732177942 -0.46748205775933827 -18.3805329734396 -11.86410989178429 -11.728562049887211 -35.56851062070795 4.529743741294077 16.39094700831113 8.20546238192917 -5.596597741057226 1
3 6 973.4864098175752 258.1716341322484 79.57266192119907 -99.0282485745553 -24.956494674692916 10.454787735680446 -29.679165897035272 -13.099776713203248 9.142541978415938 5.3857359183447295 13.55528488432107 -17.063577462887494 -3.3730834592694827 1
3 12 1083.6653327810052 205.52645539015728 102.40201321853577 -43.909713179398004 -23.28590862422837 -34.82612199554036 -24.514311768160397 5.1147249411317794 2.600663432713369 4.363173764682951 7.887062954453699 -14.541361520803516 -0.6880884001147151 1
4 1 1218.5859822727664 83.06424284708739 37.105210488080445 33.347939690432256 -93.52050788949657 31.24416547653158 -14.676648663516179 8.169388084597793 15.919748238294597 -6.58166255737261 -7.85964444275239 -9.590464450166404 -1.7333370904365382 1
4 2 1106.8897814926154 196.68520817122908 94.65422312543666 -34.90754963086901 -101.89115604076443 35.60246564743019 -7.628242283107861 -0.07867983541994508 -0.6878091571091834 -10.721840366516073 -3.569688511034571 1.536132952920271 -8.06499541559119 1
4 4 1027.7957403967168 200.46285996147526 77.0983576885989 -43.74337533568466 -84.67374464477675 6.769150430402583 -6.31998447873593 -2.8892758530152203 6.876410241417178 0.24862473249820125 2.3388142887552013 1.0496273657385193 -8.020601643629012 1
4 5 1057.2588911321839 224.3854168501339 100.71619000935794 -63.97495003558286 -71.31056687115971 -3.470941450975536 12.493289284069318 2.9522504724897765 -3.178725570379482 -20.62509520097633 2.246401740431701 -4.063677153592323 9.053221158096342 1
4 6 1173.919220691856 73.74312795781458 147.10728833303406 -33.06829526998002 -97.95228170071196 -6.118779829636869 17.542651710539907 -5.835949651728673 19.061667390679776 -21.440153028047412 9.888487501635566 -6.045023118344832 1.6124423868682323 1
4 12 1165.6563748502035 92.51611067608427 93.40550019080162 44.43305077747284 -85.45513995692431 -35.738300362352845 19.797848736314776 -4.860777745132496 11.312444653606175 -0.30248338114130885 6.841270897127912 -10.400297314631405 -4.710568736448653 1
5 1 1126.8678938800062 200.13172376388198 -20.408877658306405 -37.20747527157323 -34.42468345996575 27.03731592154218 -37.02119010469148 -7.639047222304336 15.775919112592566 6.800515736562458 10.202309744148739 -21.76010303363744 -0.6164332325546904 1
5 2 1037.7219274749305 274.1071814301063 29.7736346873908 -103.05921292537697 -22.70045011249909 21.174996155474965 -8.233851314559686 -24.319606002956462 -2.3879707585701904 16.63934780321089 1.8068222923550623 -9.517843626403817 2.811682224306419 1
5 4 1019.9614298784253 269.2169024279333 35.46961744443099 -98.51203935203884 -23.170617054200562 -2.5496328243815842 7.010144491305864 0.6881634568423758 10.383999974705846 19.369960243131374 -1.0868834003599768 -21.088201310466793 -2.802163165833078 1
5 5 1040.9344954529486 283.7805446602938 39.62925177117198 -93.67098998150206 -12.203942474372298 13.791009224901682 -7.325987512764067 -39.76084711017577 -5.458630551865862 18.382179570788978 -5.179062227333813 -13.766797892306025 8.027524953026333 1
5 6 1088.1535990142524 177.66353778448578 58.63375832528079 -96.34927233740785 -17.106126072158023 0.22795914215163282 -27.97382891927433 5.072793976696917 7.931588457329537 15.643171975509915 4.085946109734101 -26.164070726705276 -6.7798678688356055 1
5 12 1123.5102269584745 183.85530598634307 76.80579509643556 -47.558718612516586 -4.25205098508267 -21.297020101318505 -12.954176921958263 -5.023555960106341 -9.892884268502403 28.579199176619078 -4.083313235395719 -31.029604321416905 7.213455511740223 1
6 2 1119.836992094971 210.2437873506771 77.25990633079941 -25.787063755867415 -9.861890442467592 -24.856480377358448 -29.879493876296294 -3.0047649405796233 6.832104022970433 0.5582980058951263 -3.492809977616444 -10.11436625212403 -5.761585517564001 1
6 4 1032.1163222101156 216.99024825505876 57.0038752909559 -40.469861020911864 -3.511266899906093 8.949094123670905 -30.453611616585928 -12.625409585897152 -3.4054643426055913 5.324863962227118 8.169110933014204 -1.6763884750109503 -9.349788690267454 1
6 5 1117.3116352509912 202.31785020181164 84.61081901029434 -66.97692641657403 1.6608694776957722 8.949239680245269 -48.92273749322674 -4.2212833384700765 -7.114373178212992 10.760387514093702 17.125368572705884 -5.786543227176286 -12.355911267292027 1
6 6 1186.9409272729558 110.94805706620447 114.65555392682145 -68.7530984310225 0.6385906375956252 6.615250370592754 -55.41249751392111 1.2330632333472151 0.6741973924528724 7.749308803335706 -3.7449468231652094 -4.200907717058299 4.274936300899728 1
6 12 1139.4286039433011 129.2702673475401 93.5429135462729 11.655988724578963 -4.638613403872669 -36.40214299656371 -20.24350565168419 -14.169210615311622 -2.8547469913772514 10.208721773248527 -12.410363506011832 -2.06775624859125 7.194691649062772 1
