1 1 3.1013e-005 0.004079999999999999 0.233 0.02665 0.518 21.478 0.007881 613.9826756493942 1240.0334838291883 1633.4825334741777 2486.844414875317 12.108408073337966 26.941241511607522 89.56186429999387 66.82613295589219 13.640450019443906 20.26154964978422 25.635413383293436 23.57405218007548 79.74068316501132 0.7626607198228718 1
1 2 3.5933e-005 0.00479 0.59 0.06915 0.54 20.026 0.016214 521.4397465484947 749.1229227543515 1968.3652969761024 3048.2446134463576 31.416176906098446 62.850143971363224 78.06733611266465 117.31903302035077 16.061299614069817 33.539221984585915 21.27399830932317 19.232380413761593 84.13897096587958 0.6132560455650207 1
1 4 2.5389e-005 0.00337 0.429 0.0492 0.957 18.6 0.055063 514.6314139998117 807.4253037685819 2283.265045973387 2957.748516640085 26.064328796720563 35.74812505647929 50.30201714467643 109.898169021972 16.27378308468955 31.117429541446644 18.3399645493842 19.82081967759594 83.0763481691922 0.9305861868483349 1
1 5 2.9891e-005 0.00375 0.379 0.04042 0.439 20.392 0.01155 459.3959259813894 752.6758272766184 2287.09400665207 3143.9765562337525 17.021414624720133 24.430683852554647 74.94818275077756 115.31495641068143 18.23046206191058 33.38090461986662 18.30926051933393 18.646767541494757 80.97242200123046 2.286816933893912 1
1 6 3.9672e-005 0.00534 0.352 0.0405 0.7 17.356 0.023743 485.3300143866632 1349.6585060392704 2394.48038449797 3531.439832729197 12.69496086095908 54.97925770547716 35.106429683760034 20.10489763598593 17.25629932569475 18.61582014085343 17.4881365790681 16.60087748251198 80.73341812674697 0.2541066487159933 1
1 12 5.2349e-005 0.006840000000000001 0.563 0.06417 0.776 16.065 0.047279 485.91452385003504 1452.669260305096 2018.6601123096796 3010.5086934334977 33.66971134313514 37.834456439404285 152.5623612472774 81.17210628108924 17.23554162086484 17.295746999370756 20.743957709694925 19.473453150250812 84.67195168976099 0.2877890128814494 1
2 1 4.6771e-005 0.0063 0.525 0.06039 0.776 19.742 0.012554 275.5136052660921 1951.6317128522112 2234.366958855766 2802.1213096659426 7.443010313847728 170.03448153105992 37.415080529936404 39.10262866201939 30.3977728864293 12.873842864174962 18.74132618817657 20.921649536646587 83.38412698326908 0.5037400094746478 1
2 2 5.2978e-005 0.0073 0.414 0.04709 0.73 24.576 0.009291 280.0803270860952 1408.0512266852047 2376.897078481272 3075.1853580413185 4.926339824012391 464.2087890013834 210.8357909014421 252.33741181320028 29.90213588770042 17.843811023231435 17.61750661360407 19.063891497369802 87.15827494718613 0.8393477848811921 1
2 4 6.8312e-005 0.00935 0.754 0.08323000000000001 0.9 17.945 0.019372 290.691697468216 975.6590967773104 2536.227060446267 3285.8405829760795 39.43245725264981 675.7700357372172 258.75855439711205 233.2319721659525 28.81059236621547 25.751822622256206 16.510745687190877 17.84170549957164 80.50005716633095 1.2822985863971794 1
2 5 4.1105e-005 0.005430000000000001 0.561 0.06529 0.626 20.997 0.01156 291.414718370984 1281.8454953718772 2641.6112963059027 3266.9428163222246 19.64594232706233 837.5536037729461 268.9146080294218 336.9512105924762 28.739111211734503 19.600646170473897 15.852067281268473 17.944911587401872 85.0019284112242 0.8411739466216661 1
2 6 2.4564e-005 0.00338 0.358 0.04105 1.073 23.096 0.005581 291.1031701758614 2077.959903398139 2649.700386954312 3388.293668792509 3.245197729830975 46.21028695428123 26.654344242677343 31.383451718075275 28.769868754574162 12.09118614796776 15.803673579914845 17.30221926746163 86.6520022655849 0.3382308499651905 1
2 12 4.0155e-005 0.00565 0.381 0.04408 1.849 21.826 0.006962 277.8339803172734 1922.1687223970666 2681.59867174026 3352.7925340419024 4.582910890420209 98.44748264370516 60.6454000472624 62.98188645110171 30.143901010366484 13.071173049089847 15.615684942454362 17.485424285804413 85.75918580371828 0.5331905263857022 1
3 1 6.2072e-005 0.00822 0.785 0.08914 1.151 15.584 0.059699 426.0429554108336 867.5412599906649 2340.6048600494087 2929.7332647363705 36.45397794018531 125.99286548936098 118.45053825889224 158.5712814092694 19.657642248594346 28.961158573910772 17.89067463489589 20.010354084324916 82.46482338002801 0.7780897493620672 1
3 2 2.8544e-005 0.00382 0.296 0.03344 0.739 23.16 0.005614 324.5060149623906 728.6529697668685 2317.421769580183 3293.6299484691417 12.38341451412051 17.376769952775028 91.8629632774042 86.15142572232558 25.808458437883317 34.48143497999975 18.06964987973939 17.79951024165557 85.27599263324782 1.2417510576590842 1
3 4 5.9915e-005 0.00818 1.055 0.11556 1.12 12.28 0.081659 354.59553330471 692.6243529788592 2585.5533190942124 3334.285947640979 17.9491964903623 44.72495850976445 106.65754252830003 55.028905246741154 23.61845881686056 36.27507449303748 16.19575960424205 17.582475204766833 83.72374769198613 1.399690883703519 1
3 5 4.964e-005 0.0067 1.054 0.10801000000000001 0.967 14.991 0.040814 328.19403754615263 713.9846743446828 2407.3547801906775 3303.5391384552436 33.279310865388425 30.746747815587636 105.40409188062141 56.506625568863136 25.51844044035156 35.189830962493 17.394611024754415 17.746119401937353 83.96765103958518 1.2366236396036052 1
3 6 2.1248e-005 0.00294 0.265 0.03042 0.659 27.123 0.002252 362.76019926220584 676.1580671496618 2402.8947303767804 3239.6328584204307 7.0453623388911275 19.625328400345147 43.89988684587294 89.72239139391665 23.086876721959474 37.15847110412246 17.426897429432493 18.096186377299613 85.0095836926805 0.5880357368051327 1
3 12 3.8517e-005 0.00519 0.377 0.0432 1.264 21.706 0.008196 334.9828600649399 781.9021643348289 2271.97645670943 3135.3227230460916 23.42806372293097 409.85288249918904 291.24140179826907 192.486331095682 25.001279165078532 32.133176177321445 18.43108887697225 18.698234656700176 85.1998043705955 0.8042016315661006 1
4 1 5.5074e-005 0.0073 0.373 0.042190000000000005 1.078 16.449 0.034171 431.8834858168658 1912.1976384597947 2219.8532014490506 2507.738071424123 16.466050724783045 53.88504973916461 103.3984589910132 54.42934458491509 19.39180421348943 13.139332198023876 18.863859994284898 23.377640858124934 82.41326388218299 0.764620606030241 1
4 2 4.0004e-005 0.0051600000000000005 0.52 0.05797 3.315 21.413 0.009012 420.7454962131299 2142.2799785620646 2583.9204130216317 3695.772856978952 13.321870312143709 52.4839881918199 63.050913281912344 67.11454117643909 19.90514473803807 11.728158901463633 16.20599449927773 15.862717290456544 84.65434472007202 0.9581437645528502 1
4 4 1.9684e-005 0.00266 0.588 0.06431 0.468 22.489 0.010771 413.74598082798076 688.0849695383555 2253.941536832379 2998.856668166123 18.576415753458498 215.20903380790764 70.15909802007974 108.72324886485218 20.241888472826023 36.51438574055275 18.578565289164445 19.549117042613002 83.41158727936363 0.8213112580767293 1
4 5 4.5637e-005 0.006 0.44 0.05045 1.709 21.043 0.009498 351.85620619019255 1353.911928010958 2694.6918734532874 3309.279538606504 113.6355305295275 944.3009263881532 337.56800717837166 262.8170404409901 23.802337013413293 18.557337061732902 15.539810103162766 17.715336319000194 83.93161160432037 1.1246651057865724 1
4 6 3.2677e-005 0.00445 0.385 0.04427 0.984 19.012 0.016406 415.9723336627081 2006.3698852397486 2461.8127039764113 3473.6199473214942 4.191143108714333 38.5851924003579 18.89477330970443 22.671140709043325 20.13355053269212 12.522616185996892 17.00982366869825 16.877206167936045 83.14291866144487 0.33836152498421 1
4 12 2.8936e-005 0.0039000000000000003 0.323 0.03746 0.796 22.263 0.006596 360.05713617099605 1793.0162992257283 2295.752933573568 3135.409841696657 9.85168261831404 22.94085957182951 58.489226855963395 98.49662539692199 23.260197226094135 14.012700281001147 18.240203197657422 18.697715118568482 84.87110291440763 0.8046575573291375 1
5 1 3.0542e-005 0.00406 0.257 0.029540000000000004 0.529 22.865 0.006165 427.14995370608756 895.3661356711025 2334.221804164427 2804.598458433301 9.53847222358474 14.435220472201737 33.72524087854159 109.93874175336249 19.6066976651545 28.061146160244373 17.939597653184396 20.903170585335406 81.3317438521903 0.24041080853819335 1
5 2 3.6493e-005 0.00487 0.375 0.042140000000000004 2.255 20.62 0.010347 399.1789193922802 729.9352533992426 2469.593040693392 3103.667520336996 10.424710223543965 29.253444454683475 57.45257976451414 116.11623811587242 20.98056684143117 34.4208611421289 16.95623501928993 18.88894336002669 83.93842291242096 0.8265103997047004 1
5 4 5.0271e-005 0.006790000000000001 0.811 0.09168 0.745 15.633 0.039352 432.3597171936927 732.2956298832766 2426.5657333703803 3296.688365381194 20.029733845055077 31.0103406473666 107.26010342020282 60.76336816096747 19.370444717559305 34.30991388546832 17.256899091638324 17.782997208843312 84.36534423711973 1.1600509648568627 1
5 5 3.6869e-005 0.0049 0.62 0.07258 0.999 17.469 0.020599 358.8882405744798 787.0209486698063 2428.0403242874663 3248.648203898159 12.673726295715113 14.994538315533273 90.92201586058931 43.257796818062424 23.335955467902668 31.924181996000673 17.246418678111805 18.045967528787497 82.93766188248344 1.563723451932509 1
5 6 2.3167e-005 0.0032600000000000003 0.238 0.027480000000000004 0.966 24.56 0.004225 420.8765537919751 836.2850987810684 2539.8612350029 3261.618257552696 2.5513261883924874 16.65509805632748 18.108567301030252 61.129668333323345 19.89894643582231 30.043582071019884 16.48712119500977 17.97420647380983 85.66123813686389 0.9821360190050731 1
5 12 4.2495e-005 0.00567 0.37 0.04262 1.472 22.672 0.006406 349.04690446149243 832.693015081109 2583.9137794000426 2961.846369221742 14.759313282011918 50.19977187935517 113.30632704108389 105.23120075449891 23.993909967260425 30.173184528937934 16.206036104549483 19.7933966492004 84.20582231803729 0.6046305447225404 1
6 2 3.7059e-005 0.00504 0.423 0.04871 0.664 24.084 0.004351 316.7991330451762 972.6302895983847 2437.9520707597803 3150.2327257148727 5.261396759641249 36.58898676525613 60.73235439895716 60.06820611761046 26.436309719337864 25.832014763157883 17.176301577967358 18.609736201853597 86.31679043719379 0.9490775794285987 1
6 4 4.6594e-005 0.00628 0.604 0.06913000000000001 0.846 18.462 0.015777 346.3322119016616 808.8596114795141 2391.2664463053015 3172.3651983468635 13.85810405868279 28.282584540990676 51.996241619147874 40.99000552445482 24.181983980104103 31.062250659348614 17.51164119109363 18.479902638747205 82.16058673547103 1.0808498447973522 1
6 5 4.1151e-005 0.005520000000000001 0.404 0.04629 1.152 22.292 0.006477 300.18524525289206 813.907040571728 2496.685949059549 3120.2519551742644 10.84038196322136 16.52683099569931 40.50997969074411 48.160547965546485 27.899439204430095 30.86961870037514 16.772233614633617 18.788546836028125 85.73560132077206 0.6491298497008862 1
6 6 2.1802e-005 0.00312 0.309 0.03563 0.827 23.712 0.004766 353.0285063828352 1303.7977807842951 2658.775386784886 3122.048578375428 8.511889165021062 142.8939140920148 21.009762789025878 42.16662929194572 23.723296698646447 19.27062645012798 15.749732078961806 18.77773472394391 84.59486893436815 0.3007192623582593 1
6 12 4.4877e-005 0.00606 0.32 0.03625 2.793 23.131 0.005519 278.40988787980103 1513.4685094773026 2497.809329992965 3167.885601926305 6.179578417533606 45.68941672941469 83.67520092760729 41.1629933199167 30.081546541966823 16.60094005436378 16.764690361741078 18.506034423828858 85.61855707057828 0.6769963115624019 1
