1 1 1286.7558398472274 51.96134604225379 -60.089991515088194 2.2940176086147894 -37.33479576213952 47.92236138995961 -27.6161967313215 -6.120929823818436 -16.74859687683362 -1.3306629702821247 4.232222983634363 -13.4097695629026 -8.599043541689825 1
1 2 1229.9200392980852 134.08565381616552 -74.35445682616724 -34.12884969393746 0.3700761244701291 1.9408002710901098 -9.808355830203368 15.536483282632807 -29.939557295925876 -25.13460420549044 2.298235340998469 2.1713661807903533 -3.4058379379844648 1
1 3 1248.8291367108081 129.27269262046468 -31.45418481128795 -23.680294193769367 -23.04302231388602 25.732094866232668 -0.32253914714111953 1.2987317626754784 -36.20716739800388 -1.6274086220024835 5.449196312614261 -3.7812310559302174 -4.273848519250903 1
1 4 1202.7729908850024 99.71222520034664 -76.09878045055707 4.369073778245799 29.66518584049402 9.969092422219575 -37.89418658989156 -1.4146984158159175 -24.843027402825474 6.902227790975705 5.905592223732424 -8.069310243002745 0.4946362090763212 1
1 5 1198.6149014561793 168.05418439484393 -56.60690408986334 -6.597406312105526 -24.357435998049787 20.74249114755486 -9.355683508574677 1.6235723000953377 -20.768138363500718 -12.647993379410563 15.922873271062155 -19.33942653914599 1.1516172648497336 1
1 6 1210.7305670765397 122.97562135585207 18.332291820036822 -47.25140931265995 26.286984179943197 2.682403569128911 -11.901900870817846 3.3219418719922973 -34.13348687559632 -4.500390300278236 -2.18161097659206 -12.067407879694057 -6.899673422160207 1
1 7 1183.1754628292192 136.7894116418479 -105.25349982645685 -88.78248290056709 23.779584575239696 4.573183722490038 -0.7903212519717487 -22.26444790037236 -29.689997221450483 3.86303514082852 2.4986758983915847 -22.36000930636876 -7.491616118484341 1
1 8 1243.8842696824852 34.42564590381938 -53.960706844310266 -9.354659012171167 14.96235512030023 7.070753489427261 -19.50672589358406 -13.30528108500811 -19.03846414046626 4.12583225404601 -2.95274941369015 -17.160178568735066 -4.228143389748797 1
1 9 1197.415290182411 52.82950548544859 -155.11644067503576 65.81129927481125 -25.868863638474746 16.768498489673124 -18.356708917623543 -8.982685080563252 -17.914840052988396 5.403616335425361 -1.6939848585893906 -8.551584135360027 -4.00935161639523 1
2 1 1178.025429938591 83.71500912799168 119.77916624021822 -30.37216073974529 -100.42742968283687 2.681534695865556 -46.287022520196416 28.71663725134477 0.13936699042777112 -11.823606804729364 -15.697076582126627 -4.846193053930405 -16.93468536235528 1
2 2 1171.7760761139023 98.41975460122022 167.54353985383958 -53.52952291597526 -48.38271494186235 10.513334409486117 -54.84228075059982 14.545280223300905 -7.6285947922089115 -6.6204991151079575 -1.1630355184069343 -3.665356127355152 -8.77944820256366 1
2 3 1001.4823637903708 162.44127643116354 166.70745106326206 -52.69756541622295 -94.1201509560566 -19.208425707526345 -19.547415709345746 13.177053183974778 -27.820892482472512 0.7440439579934549 21.384524044092256 -16.993448843569244 9.497244428927267 1
2 4 1095.3913995339283 117.93248644537381 170.09403759744814 -54.990340141408254 -49.626080676300425 -20.977619420173223 -54.58304260440417 4.973591392381064 -2.426009191152424 -1.7165873359696038 22.715045776771277 -7.604337547511786 10.171501064490373 1
2 5 983.7243223938397 157.10591231584178 184.54747364246995 -69.84965368608195 -72.21284183340505 -1.4273570392508954 -46.002283953491336 0.5320699286051518 10.264828404806881 -4.875682930827413 -10.4908515272124 -19.464672320261165 -10.36157539809312 1
2 6 959.61373154507 143.19615185776254 179.61792262091964 -81.72699935896375 -60.26863285538343 -3.8977460351857376 -30.51136274351661 -2.2164890833627626 -6.31480008607467 -3.8737916844195097 -1.1812962010665695 -15.9235826376837 -7.389314010128691 1
2 7 1059.1938827936492 185.97691226965924 88.29008843589716 -108.65878183046843 -28.20575387191648 -31.700254644777225 -23.012697360682093 -1.3340433865111725 -14.37731094484048 11.962028692986578 -14.696713492086149 -26.143111659550925 -17.737694963487048 1
2 8 1167.5267933203725 108.00711837873237 137.94970828860244 -86.8138149356341 -46.7589215157931 -6.729399035394981 -36.12627329730295 7.0094171250792074 -9.97145367836413 -2.051487602859181 1.267366390760195 4.623300096388252 -6.948840530071274 1
2 9 1132.3837797398717 109.93770867241246 131.03327354282536 -66.29480255817433 -53.13861962437949 -23.983003321766642 -37.76170722863442 -1.766878993058094 6.556987966548189 -3.2911614395373947 -3.5113161468581082 -18.97666404955164 5.9565572350885345 1
3 1 1106.2839727956245 183.86598360394996 -0.0678440436701674 -111.7101793769926 -27.712454025690146 -5.773231380679087 -42.63519329152745 -27.981849889021664 -1.048632581705633 23.937974137956868 3.931724394225975 -40.96939404343837 -27.054254280920212 1
3 2 1066.7473418280154 184.03867648038906 90.51627843682726 -104.7881948249141 -28.630989895862793 -13.557960794594191 -28.292898236279296 8.430626403360018 -29.49143847281857 12.64151631239358 -7.077532857127355 -13.51873639232027 -11.488604780525288 1
3 3 1036.8345472679375 235.784776309028 55.63113254261275 -67.3728179855023 -45.064744318970185 -54.99384664934552 -2.865686561563639 -3.002137512316762 -9.691538487122921 -0.979084541314559 1.6493821160490858 10.753491053718829 -6.84548673164871 1
3 4 939.605843180979 267.36469684068 73.94202545042656 -45.2158746308661 -36.75238439549807 -28.394107671062017 -22.651874228858965 -16.394937428638087 -5.811339191202003 -6.5011170102949105 18.315589921067218 7.44522436376916 -26.931675032721245 1
3 5 1070.3153022245606 259.9918602362704 27.596135088905367 -77.90634577723277 -43.774121088472526 -17.712368920992436 8.888822353588461 -38.293490907960596 -17.02982664614944 -9.29659861302857 30.79199042583612 10.2136796602933 -32.511518876738094 1
3 6 940.8799509509248 275.08078305101924 6.040246798494784 -136.41652049669293 -32.988089510016394 -5.878168443561864 -5.029711449447876 -41.11710206705573 -9.407305972249915 12.778999835784171 15.575997979241787 -12.100874391274292 -23.229788726989288 1
3 7 982.2128723806367 266.690282640586 27.121637727751633 -111.04414261275801 -54.340257178362585 -6.282896243584445 -0.5735314504593712 -36.760092959431816 -8.643899905181566 10.778171765055276 31.25592441070349 -19.27083496843848 -21.70977379625859 1
3 8 1082.918175195157 233.33116938437755 29.003839236156097 -124.5892216866888 -25.65526217965358 20.49652144719078 -8.116808949029432 -8.002037532869208 -26.47093084655651 0.01149040316794456 0.9347133179386954 11.17308814499469 -12.007701862053366 1
3 9 1119.360635452425 218.0869439177375 63.59821012583649 -150.78625843014365 6.883335347267615 -24.195127618728012 6.252812950842646 -15.828590006983118 -39.83964623975306 19.655385130186012 3.4810405558274784 -4.341169386151261 0.2272346564694891 1
4 1 1224.7229335958039 22.826772517673458 76.60532327335766 -38.99149528862643 -73.60354859638446 24.864669960910955 -20.11063363238131 15.67619312223372 -4.729273736354521 -20.479511203607395 -18.435508102474184 -0.49995109916569846 -7.8388907725756525 1
4 2 1246.0543525674225 16.49620006626024 104.52992995154236 -66.86306281025684 -74.2792206595299 17.580993234379918 -6.237012574095653 5.472024264352266 0.8611101226286364 -22.598194755659637 -16.2589998941688 0.42587017255997994 -6.245250474038325 1
4 3 1193.7592378176294 148.8038821581056 115.58391620919951 -78.38689657728929 -60.46590365615035 3.7221882911581394 1.493478464017784 18.25221787878637 -15.912268247078357 -22.433572637405195 -3.876776303545914 -3.827693931989778 -19.228940691701126 1
4 4 1147.2561676787857 105.3365361339705 114.54812723189559 -75.98494215125079 -64.65116197237356 22.652567275294942 -38.42139957849847 15.38781722154998 4.857644058879333 -12.62702435925959 -10.006337454607301 -15.170991354390514 5.986385243187273 1
4 5 1140.760519778661 154.24720396938156 80.19518116005905 -79.24853164391561 -85.08016638452055 -3.839518821007755 -20.277535369183628 11.329878976055927 -16.046053017518673 -1.8391401372280407 1.3515133354433284 -10.094753007068814 -7.945913723271333 1
4 6 1141.9270720739412 157.2565455781609 100.04894896314137 -96.09357357622639 -65.84599892331629 8.892781303125728 -18.8849002904465 9.820222290435286 -9.03657490021738 -19.20015024771805 -11.171271517565263 5.339345902912363 -4.616536728397186 1
4 7 1082.3996348101186 209.92978074090874 73.65573791519387 -104.44171944725527 -65.1277638998119 7.654352032684507 2.0454379696288734 -35.353748857132096 9.570456425344963 -17.600681616325865 1.493437485352469 -5.571407269769061 -13.845808584289534 1
4 8 1269.7316850940013 71.86788388661726 69.39819172623336 -68.64877830298103 -87.29691548474125 33.909837318731164 -28.534101467873658 14.157863971368243 -3.8528818402954026 -19.66949223768448 -6.899208263422944 -1.7381266326028812 -3.176235436472393 1
4 9 1253.8217320352094 55.2108450098063 84.84259475275582 -37.78799775615015 -100.10030166684733 14.79010850361284 -6.847854800418694 14.182988618462991 -5.801909861055607 -23.213599056962455 -10.39083705059996 -15.63423301593552 4.244466409099942 1
5 1 1231.8872488033253 83.80978335369474 11.42595873965317 -108.82410506705324 -13.878579826449077 7.1118464043496425 -24.926715191735465 1.0523662231373163 -35.0021030851299 7.849305627123727 -6.51713002071287 -14.316861648089848 -4.006231583927021 1
5 2 1163.734372950116 149.17027657824744 37.390958862416966 -156.8430151861276 -20.323038523432785 21.98529352918904 -16.93412910609051 -14.095669520611635 -35.19303700520651 15.943607981453503 6.686481720425605 0.005712382522387394 -19.43657376537178 1
5 3 1097.2924170948036 232.0857075888305 28.560312182162804 -121.86173230926921 -7.296476796930004 -13.212311894976033 -7.823177962396927 -5.453246015444471 -13.04523913784607 6.487004131856323 -26.05383720833174 -3.565073330927223 -11.367319875064826 1
5 4 1113.7333103605022 170.19466571329738 77.02208834400308 -160.287630580962 -23.266145935481635 4.507969239191983 5.449979479907992 10.105179121489085 -24.870768132829273 -4.330793453489693 -3.223636791369248 -16.86545662937942 15.039856003194167 1
5 5 1025.4775549261094 272.5491675348924 22.431810992300612 -126.3421830631293 -43.48609769735524 2.0394707736672815 8.408344626878161 -12.517881787828696 -11.743451056074768 -16.96987741826676 10.050453397609601 -10.654050366378932 -12.820421547084809 1
5 6 1006.535109596784 240.3481126735505 -8.873719107966341 -119.5425412865324 -58.75661786810274 21.589281644367986 0.1342524673769926 -19.80808031380131 -9.179852649289904 -14.155267252360611 5.757272590349895 -13.286258148099138 -10.388344086899679 1
5 7 983.6736483647901 248.64189576144193 -86.96629633351733 -124.76470563482526 -27.804752885720625 8.263674905320317 -21.209406151767737 -23.08297571309355 5.413993870558309 -12.826267061504604 -7.35370498520843 -5.7881447391517185 -8.206759209711432 1
5 8 1085.2003314077033 201.10324996418586 40.33797926962423 -146.45860667375436 -1.4939630944065978 -11.162959588662488 12.856594496194411 -6.481212103526002 -10.742744907533014 -19.162384455765515 1.154177200591292 -4.111441688856593 -6.110414408079742 1
5 9 1071.3603330851604 227.30514797341476 11.30401140977299 -139.23625678131438 -21.79994994338821 6.348472105929442 11.880375825282831 -3.2842592447279175 -12.749782010250037 -2.3827029022938273 -9.46485587033056 -9.78492430444103 -6.304672717542861 1
6 1 1327.5503702783217 20.318412207786682 17.22266856550111 15.77892486094907 -35.80541792539262 -9.566794464778523 -21.57006255245269 -27.204546880950577 -17.309148844564213 -6.252183609275348 -19.02548604322456 -6.568266075508516 -19.979094080638333 1
6 2 1336.9133799574722 38.800732597069285 47.23370261849971 -44.9687059178058 -45.345083130556425 2.414132831975228 -24.652057166376405 -23.86749105502931 -13.488086756799524 13.266016409339864 -3.3371733643219885 8.827711751229066 -22.14109924771975 1
6 3 1147.4987112617207 171.1073804725591 55.696384117290506 35.15868732145382 -32.5114979895511 -21.08483747098415 -15.834781306580902 -25.48723439677503 -19.055670320866003 -8.137604018894995 -4.0289913519765825 -0.8048248415921134 -25.638409170229846 1
6 4 1247.3935323823293 139.34319237776384 41.32243771017413 -19.964088804937674 -11.84298060064051 -14.854726717397348 -46.028624284035345 -10.120090664417408 5.544585811986274 -9.764972333569556 12.860558032308688 6.326546525655413 -9.286128907764118 1
6 5 1090.488276123287 213.09425447672774 49.25928959384808 14.66452782485608 -58.20836928955597 -8.70653783188227 -32.92728052431013 -21.246100777978107 10.480794521560426 -23.843945539824823 -4.667361059009837 -13.131573062976619 -28.351869093682268 1
6 6 1120.4629540677677 191.68146676469107 74.76744389421943 -28.19752201630666 -42.353358348366044 -2.447417553566248 -34.373057175845865 -28.739308706819706 2.919324155985541 -19.231397357908126 11.381435810172409 -31.445548742478962 -25.138251342546074 1
6 7 1155.5267545319912 185.4088779497843 53.99218930105512 -41.80290968356954 -30.62584928430177 9.44561349880466 -10.492403100697622 -68.6333055676916 14.777109285770505 -1.0376550384393648 -10.413368965090108 -0.8905993453805006 -38.49033916726897 1
6 8 1321.6154096920393 88.01608831870121 31.92422764222464 12.370374749325977 -45.32395205571004 -14.053622140126278 -30.508611605912414 -12.542019200775673 -14.128477998899667 10.21295935401336 8.125873818009268 -11.824327452278807 -33.092680322091915 1
6 9 1307.868662253026 125.85382472166091 -19.645041658550532 35.68218337254868 -57.7797059520702 -17.0788726341479 -26.853422677348522 -10.647083427117835 -23.938693885505632 21.15128326406132 4.736764478795045 -14.017534332394513 -21.167025242283486 1
