1 1 2.0084e-005 0.00365 0.524 0.060469999999999996 4.03 17.891 0.020844 792.3177102388446 1419.498607254539 2165.1912484677355 2532.3027610542435 10.231318330579738 33.84829451245233 44.35462384093183 66.5936223386359 10.570254699311658 17.6999116952953 19.340092950049627 23.150865252618274 79.9408133595706 1.1663771149034095 1
1 2 5.279e-005 0.00878 0.612 0.06861 2.411 16.913 0.041536 669.9222824185888 1204.539215225727 2234.556137034409 2597.8478928380246 8.951220923420935 31.63956990009218 138.04660228070267 90.18592610621229 12.501450123086117 20.858598609669716 18.739739541998887 22.566756183694416 82.19818362284849 0.6826593524706968 1
1 3 2.9184e-005 0.004520000000000001 0.418 0.04820000000000001 2.286 20.025 0.011266 661.3486311149493 1229.9922462150216 2135.372816728936 2697.7851714243516 17.76498662219008 95.28223582257328 179.25655826230548 81.8725927689661 12.663517554849731 20.42695803759381 19.610158784425327 21.730788878585063 82.4927523296882 0.9803151616271778 1
1 4 5.1006e-005 0.00783 0.826 0.09151 2.137 15.359 0.037589 766.009609547868 1143.2207809852503 1830.797080309093 2638.271169918909 94.29526995582867 126.55947402418239 410.73277024792515 157.85625553602787 10.933283206385997 21.977382162653463 22.8725512239348 22.220991029440665 81.1487772879476 1.3583843138921767 1
1 5 3.0581e-005 0.00473 0.69 0.07627 2.431 17.31 0.041626 644.6171500145653 927.4228911218065 2015.7840459001122 2633.2841727043005 30.7631892189877 94.87883823854618 150.9244860280703 183.34067270639028 12.992207855175378 27.091201048109685 20.773554630104968 22.26307384811946 82.70768898837203 0.5378405240987177 1
1 6 4.015e-005 0.006600000000000001 0.501 0.056900000000000006 1.409 18.66 0.017343 630.7979087332952 894.2066330061956 2135.8061267003586 2793.009567607218 56.73243372146622 47.572204841904636 220.3161636289119 95.63372615286382 13.276835392206404 28.097532575366078 19.606180297222654 20.989903035034807 82.09048223003997 0.5250701265757894 1
1 7 2.6206e-005 0.00501 0.351 0.0395 1.091 23.845 0.00785 737.8643748570826 908.6935042688111 1621.3172810546512 3144.6845710849193 11.694333093013837 25.701756458378 59.4467365137773 43.33144404406057 11.35032437583419 27.649586887073735 25.82776393573053 18.64256928629707 86.24726383290671 0.3787800968655307 1
1 8 1.1845e-005 0.00201 0.296 0.03352 1.036 22.146 0.006788 877.5506620086418 1282.4062580158432 2098.9975581787203 2836.721236014944 29.90224967138667 75.07438189839769 72.11612167969687 83.93724159532826 9.543608548856096 19.592075321648657 19.949999387485963 20.666464951049267 81.21885921374715 0.5609813455415985 1
1 9 4.3693e-005 0.006770000000000001 0.55 0.06285 1.509 16.584 0.039436 889.8679779756334 1377.4755786744156 1706.9061675064188 2414.80252017167 13.387623113161162 72.94280974495418 34.06332308776214 115.381059297713 9.411508456627852 18.239887798358293 24.53269007819818 24.277347530609795 80.44787556834899 0.728339035111282 1
2 1 1.0732e-005 0.0022 0.309 0.03512 1.261 23.834 0.006969 399.79323652054245 1904.798894482265 2446.549657151966 2804.3225950354727 5.129387238930572 137.27589985664466 16.317361240425317 42.44641274276208 20.948328373158134 13.190368848271047 17.11594116946998 20.90522684650638 84.65413687810272 1.131794492342746 1
2 2 1.7644e-005 0.00308 0.312 0.03638 1.578 22.723 0.005851 333.8982229122369 1897.572097384467 2572.1003564093035 3119.9603579289414 6.086692732584459 419.6882525429722 23.65782950738592 49.05301390873204 25.08249348245653 13.240603629570247 16.28046895435224 18.790302848243822 86.28072767102276 0.6611510488308279 1
2 3 4.883e-005 0.0083 0.914 0.10292 2.152 19.743 0.020434 340.46364537590074 758.2353522523671 2593.7613801631082 3261.024062785329 57.441897072093 637.5920467994228 230.8646657511572 178.51851456032853 24.59880845942682 33.136149515272834 16.14450747869748 17.977481573664562 84.2931878609312 1.8299609815913034 1
2 4 2.5343e-005 0.0040999999999999995 0.364 0.04185 4.081 21.925 0.00691 322.85569920376446 1895.7978136744896 2567.297511736127 3290.058092646666 4.87830670869834 320.58640299070026 30.948795998504373 63.62752948826528 25.940381478953768 13.252995556156913 16.310926103645137 17.818834302964998 86.47375289129687 0.45918422134042414 1
2 5 3.4583e-005 0.00625 0.405 0.04522 5.577 24.256 0.004295 339.3888152591993 2364.439352199447 3020.4711474698506 3517.9813726719144 32.230951362808156 492.51150019279964 152.869446923123 172.05731316525214 24.67671185216818 10.626197697406889 13.863731171568155 16.664386132173913 85.14052788260132 0.6312130181063096 1
2 6 3.4192e-005 0.00616 0.502 0.055510000000000004 3.605 22.835 0.006706 344.04357727065405 2254.1620301294956 3078.1030231763216 3560.7733564581663 37.807460095059334 775.506935444348 240.53520613993476 172.05911456637395 24.34284652671051 11.146048804023478 13.60415804302379 16.464120046751074 85.86694601129088 1.0884950194690293 1
2 7 1.4165e-005 0.0028899999999999998 0.233 0.027160000000000004 2.544 28.083 0.001811 405.2847039192091 782.486167604297 2832.8362931687334 3212.42843426945 5.226342600471044 70.57084062244326 70.58925834180155 99.34301444509279 20.664485777557257 32.10919379817805 14.78200491181923 18.249433784921695 86.69469291562594 0.818962181414805 1
2 8 2.2067e-005 0.00388 0.351 0.0401 2.775 22.754 0.006914 361.04295543443095 1650.5344913897543 2584.862612231565 3076.908822650552 4.833516088837395 392.39152217854155 32.955359083703435 53.22557049434609 23.196685806880353 15.22234169056636 16.2000873090305 19.053213266650673 85.89987248514433 0.7660770511932876 1
2 9 2.7031e-005 0.00472 0.326 0.03726 2.469 20.708 0.010357 363.0713853117138 2020.3836903184117 2491.645380694912 3063.311100598604 3.2075961897879535 211.77724522371756 35.981855021011036 62.001009485543925 23.067089114747144 12.435756693343881 16.8061636396754 19.137788515356487 85.30821669985762 0.7899039306709614 1
3 1 1.867e-005 0.0042 0.36 0.04332 4.136 24.963 0.004744 463.09375248663076 793.2978563693383 2653.1484905547027 3077.488564984054 15.995670855060771 52.42629221166651 52.49850310175416 80.83603775262372 18.084890921178605 31.671584384443957 15.783134697916985 19.049623991146746 82.41041859817207 1.0100815143669801 1
3 2 2.1134e-005 0.0039700000000000004 0.263 0.0302 3.621 26.54 0.002519 371.56365487262644 731.6998072423123 2705.2542903006147 2974.3980789788684 7.85622029212904 24.471802856875165 39.02207119218846 119.66865450098102 22.539879480061053 34.33785242433379 15.479136342242615 19.709870179894136 84.50279390022848 0.42139148793930925 1
3 3 4.531e-005 0.007970000000000001 0.844 0.09145 2.412 20.197 0.012993 356.2558919422659 683.6971712189886 2403.326291014214 3241.631008917438 8.23830489238565 44.35406449630456 160.6109031929804 82.70133902379355 23.508383129723043 36.748725982299625 17.42376811528516 18.085031836975848 85.53427341601498 2.4226275046400705 1
3 4 2.1538e-005 0.00364 0.194 0.022490000000000003 2.403 28.377 0.001645 327.1881226740549 673.0647635855737 2452.586808294192 3278.152618670284 3.9122099501794056 5.7971614871709285 146.4271364574778 98.22534394335723 25.596894934793163 37.32924580118151 17.0738095215984 17.8835480892833 83.20621916247916 0.4784329756970252 1
3 5 2.8674e-005 0.005220000000000001 0.599 0.06112 2.636 23.295 0.006583 360.6756085428517 719.9625089869109 2384.985563647734 3259.532761625674 6.469630462268493 22.11635059325603 82.34983609439124 88.2925415568525 23.220311553186082 34.89765048370981 17.55775826833684 17.985706629548066 85.33743199894856 2.2274433105839018 1
3 6 2.0387e-005 0.00377 0.576 0.06936 4.37 23.379 0.007356 366.488273835571 739.548303422202 2163.293291096877 3146.814206257446 10.984134494297738 16.290853590394878 190.585669785212 127.6963873977909 22.852027194074797 33.973440117076905 19.35706090909554 18.629952757752292 83.41730240866761 2.8332352303440307 1
3 7 9.591e-006 0.00184 0.14 0.01591 1.223 32.452 0.000664 382.14375233619296 755.2885383134138 2304.3058837018134 3309.2978775809875 2.6723265117847728 6.205428330557687 134.45649111322606 96.28814652121163 21.915836511261475 33.26543264658169 18.17250057649846 17.7152381467858 87.13426001950174 0.5711960921829939 1
3 8 9.479e-006 0.00172 0.175 0.02005 1.582 29.733 0.001264 379.1450882425164 727.3404813822019 2571.4266169016305 2853.543418087834 2.9828943415903173 4.753340737939113 102.34203031155745 98.13291507652288 22.089169185393782 34.543656847276935 16.284734600148195 20.544632203032936 86.5924186033144 0.6464367877000445 1
3 9 1.0814e-005 0.00191 0.219 0.02528 1.559 29.338 0.001341 370.3779863522911 707.5781839068517 2747.4048160810717 3091.881619567708 2.677650110742479 7.3329014879951675 68.73815364036716 117.75446242768572 22.612035025305154 35.508443549338644 15.241656327781707 18.960945861891265 86.68920709443603 0.6032246115959368 1
4 1 1.6764e-005 0.00347 0.477 0.05468 7.929 18.484 0.034005 450.6942355490459 2185.7009445238123 2443.5664257951726 2934.0589496826556 13.698756906335047 74.23873921487257 88.92825110438844 37.41355094952813 18.582443127539417 11.495168203568607 17.13683718926252 19.980852806771594 81.4828129469001 1.0039299034545643 1
4 2 1.5589e-005 0.0027 0.435 0.04946 1.328 19.317 0.013106 499.4999202269489 2182.1398206752547 2606.2842409861273 3089.29768207396 4.188825352613757 21.035723674331617 57.0613492207605 47.521579763227614 16.766769444517227 11.513927642008369 16.066935195125133 18.97680509721642 82.22781768086846 0.37740017203218246 1
4 3 1.876e-005 0.0032400000000000003 0.555 0.06308 1.044 20.435 0.010704 478.705065108181 2094.1018244197157 2952.535187461833 3419.3689667349154 53.09640355947931 674.6996702309815 243.0715817679089 163.43400737597162 17.495114655006546 11.997983912249463 14.182726823316246 17.144976330524457 85.98680061062645 0.6284710247790388 1
4 4 1.7689e-005 0.0028599999999999997 0.388 0.04522 1.096 21.614 0.007416 462.8539317790264 1471.6813889210252 2663.1565480885656 3158.715898000625 8.154736158601061 647.1963646618098 170.11307739592235 203.27786988839634 18.09426133166857 17.07230939328559 15.723822180132466 18.559757158631427 83.36344476866357 0.9316516494569366 1
4 5 1.6665e-005 0.00315 0.448 0.050620000000000005 2.255 23.64 0.004817 406.63734348835595 1039.2405526853759 2444.3531785325845 2938.8252151080683 74.08867153493331 806.3057907247037 191.83280716875998 271.25670461833425 20.59574737567067 24.176308300400255 17.131321434138567 19.948447324671605 87.21954311012978 1.1278260120652581 1
4 6 1.6267e-005 0.00304 0.464 0.05427 5.516 23.178 0.005613 481.80002987274827 2349.42437760825 2950.201774087556 3584.556998539241 44.940516072248705 524.4135174289096 138.31240521317142 167.5608450254185 17.382730346056604 10.694108837662457 14.193944416886938 16.35488012155771 86.52755994074404 1.1748519371484507 1
4 7 1.0563e-005 0.00202 0.236 0.027090000000000003 0.832 29.211 0.001312 408.9356049784881 638.8998906968577 2444.0053395277782 3204.2482702881757 9.020634774062481 16.22882156389312 38.22172190834281 52.38860766290578 20.479997090105577 39.32540976426805 17.133759621037054 18.296022984114003 86.31025129360688 0.3089346479593064 1
4 8 1.3476e-005 0.00246 0.411 0.046900000000000004 0.924 19.737 0.011451 517.763988684201 1798.8120383219348 2300.381691120376 2780.232865993623 7.441041049827043 132.97424964537257 21.28147708643773 36.88397869457426 16.175323473699812 13.967551620033888 18.203500819729282 21.0863632025471 85.32482290524057 0.2616138737826161 1
4 9 2.5075e-005 0.00443 0.549 0.06341000000000001 1.561 19.214 0.013843 502.4652594542063 1902.1345892009501 2344.5295666697916 2800.5275998928932 3.3748429760364185 148.17833899984902 37.65069648636714 95.77199524925786 16.667819003242514 13.208844496411016 17.860725919306677 20.933555520839047 83.76365495914071 0.7053213879418537 1
5 1 1.542e-005 0.0033100000000000004 0.422 0.04726 6.014 24.115 0.008366 458.71412010366345 861.9686262643023 2642.586862069821 2821.3454704658443 16.260959838769836 14.33639848751676 100.96766114451994 87.72026437957163 18.257558756001142 29.148392684417743 15.846215161760536 20.779093029794815 86.37410222544128 0.895243356998609 1
5 2 1.7957e-005 0.00319 0.38 0.04394 6.954 22.791 0.006317 464.7307656292956 709.5767899338848 2764.5617621617703 3085.8695232000878 12.620986685795295 27.91500363282423 77.99328262190717 103.13103093111434 18.021186931016597 35.40842986470997 15.147066190793119 18.99788683845748 84.64056933592067 0.6934435683740607 1
5 3 2.2271e-005 0.004079999999999999 0.637 0.07062 3.594 19.66 0.017598 458.4436117349674 692.9175936099558 2244.5464579649565 3107.713320661635 27.314592480884347 25.500835819178327 190.32219362572624 67.27338434542023 18.268331776518902 36.25972299116263 18.656330258348248 18.86435264483105 83.62191938939026 2.823959293433058 1
5 4 1.6636e-005 0.00271 0.286 0.03339 3.227 24.812 0.004084 452.749342015638 661.4312367408249 2683.446674351523 3245.2316830106224 10.717370847030043 15.304750069884689 43.118148560487754 67.57148047992139 18.49809424949032 37.98580805436767 15.60493092717016 18.064965995159152 83.93188352414887 0.7456719982818879 1
5 5 2.4007e-005 0.00453 0.523 0.05849 3.427 22.036 0.007673 418.41391246823235 661.8206868216456 2481.2468465506117 3122.854637891726 18.64413097573113 29.571052568622775 163.99155823615564 138.6589028240667 20.016064835405928 37.9634552081793 16.87659575596597 18.77288788554641 86.03323758961975 1.6108212095660748 1
5 6 1.5614e-005 0.00303 0.414 0.04412 3.803 24.369 0.004513 439.5554863278114 729.3429492259212 2337.6705162435533 2971.759291745933 16.29589412954312 34.57684173235516 266.36835878006804 90.9948581974159 19.05333970454437 34.448814548308306 17.913131773287592 19.72737164912079 85.07200997345785 2.0882846615561803 1
5 7 8.716e-006 0.00179 0.178 0.020419999999999997 0.722 28.719 0.001615 468.5389649048319 817.6620416702139 1221.4998029748367 2942.496330015114 10.59946088260701 16.86583701808404 152.30932267884435 98.31295429822286 17.874714009540494 30.727854198389732 34.281626487386866 19.92355925884838 83.21868776500382 0.38458185544771617 1
5 8 2.1955e-005 0.00388 0.429 0.05023 3.192 21.505 0.008829 479.00305954725104 695.1764451247423 2656.942709606516 3064.6012256974245 16.368387619185356 14.84829132444557 181.41031707778396 107.3628099000569 17.484230701816326 36.141903506945745 15.760595758649814 19.129731956123738 83.59752653564297 0.7073886763620579 1
5 9 1.0663e-005 0.00192 0.178 0.02061 2.362 28.76 0.001624 494.19307914123914 715.4940786468337 2522.834948120581 2745.94553809896 4.11518864176004 10.917902690746521 119.46210061366959 117.14084086787403 16.94681765789449 35.11559459376273 16.598390644300903 21.349658682810787 85.87681780774676 0.28191736844640986 1
6 1 9.492e-006 0.00202 0.268 0.030070000000000003 1.754 22.847 0.006257 455.6833004843022 1654.7120410947427 2108.2441526326893 2828.880142939066 28.422244521265803 54.457377064694086 49.948588367444515 37.42814568897781 18.3789925834434 15.18391078086162 19.862500245860144 20.723748281216164 84.74163695789939 0.5344467816127861 1
6 2 1.0457e-005 0.00197 0.217 0.02504 1.284 23.994 0.004407 484.1523885003792 1571.8886495602646 2225.244999257112 2941.100906317859 24.442352900602007 68.53407272394206 78.94692681920087 17.253593488123606 17.298272607806087 15.983956628879985 18.81815261419744 19.933012115995762 84.44728566031805 0.5198926594861899 1
6 3 4.1168e-005 0.00776 0.379 0.04137 1.388 23.521 0.005913 291.4271686035078 1142.183078836618 2022.4113247947882 3072.225165043647 21.064756300909835 143.0666727672302 41.7120739683201 36.9354175187984 28.737883431157876 21.99734916891898 20.705481366036658 19.08226020248979 84.80499418251527 1.1820861631742423 1
6 4 1.7546e-005 0.00291 0.2 0.023020000000000002 1.361 28.133 0.001652 332.8575679011544 1081.6861379626632 2306.393689298115 3117.9952538548073 5.869766915370634 35.87347421463337 52.86079647014715 44.68847728230252 25.160912076624452 23.227625018216923 18.156050371757416 18.80214536167794 85.8258817138535 0.9247328426840213 1
6 5 2.218e-005 0.00436 0.367 0.03871 3.847 25.183 0.004107 339.84432935192433 943.7680518731154 2097.8419230666377 2981.173046426061 26.370308797537817 105.15013935555275 32.11513324459443 64.64381476897056 24.64363614944213 26.62200733552477 19.96098921447183 19.66507783581426 85.82326604892201 2.233663690450455 1
6 6 2.3975e-005 0.00472 0.472 0.05092 4.045 23.765 0.004974 362.9827082093042 941.5921001343876 2147.009369181305 3098.572899494743 40.754386191386054 100.87361638968076 36.96686785941104 58.51766615608428 23.0727244317401 26.68352888306313 19.503873900637764 18.920000239322903 83.52630704194752 3.3332218402561127 1
6 7 1.9372e-005 0.0038900000000000002 0.182 0.02101 2.664 28.185 0.001723 309.25291529993757 810.0272270996062 2076.4014008466183 3115.9770724530367 22.70824753203697 5.822855015346856 36.00171270962851 42.79681370802563 27.081393854855897 31.017475906288848 20.167102556820737 18.814323288280093 86.90191946893067 0.8640707801471592 1
6 8 1.5308e-005 0.0028599999999999997 0.215 0.0248 1.453 26.679 0.002505 361.65840702652145 1478.363475887879 2159.9420967048786 2919.2701568484654 6.173590941795981 28.20803352547438 24.651471723332012 43.49001350695683 23.157210885424924 16.995143893764265 19.387093785468984 20.082074234365948 86.68827709119002 0.363311583511233 1
6 9 1.527e-005 0.0028299999999999996 0.197 0.022090000000000002 1.199 28.011 0.001729 378.7081812292132 1437.4103959570234 1968.807968620751 2470.517249493816 5.267708320308918 31.684404975147974 92.54433463863599 51.846158506000116 22.1146529573678 17.47935041423702 21.26921501101783 23.729848480925064 86.3336126756692 0.976244302868714 1
