1 2 1127.8697116940432 160.30619893063601 -54.973933683324375 -44.640158167156116 -30.816104921116285 22.447547864262425 23.337855981595588 -11.623570175118472 10.291395772998976 -5.180990878709695 -6.812616245334466 1.6742559946799183 -17.655164658698702 1
1 3 1115.1318931678709 162.00612945289006 -106.9133382028598 -51.69232018812834 35.834508836750274 -10.670873041883059 -6.675182136307415 2.1689806815282946 -15.59804193924402 0.867577443969672 3.6860491691128425 -4.5780392447717615 -5.997600840103082 1
1 7 1030.1044687635563 235.30734252281465 -38.00501010041499 -88.90439062149702 -15.555321490236855 30.77348048139649 -26.587933865115666 -12.251770057020227 -12.467017281105813 -7.389140069362702 -2.2397565309533367 9.012818636358617 -4.316434333328303 1
1 8 1163.0836788699796 179.62818107962636 -27.059008083249754 -82.66404142096806 9.888467066321935 -5.514291239353827 -14.977569466389546 4.19313209084542 -21.941280113729864 -29.910434567372754 39.19479044522518 -1.591585883636139 -9.835519435072536 1
1 14 1222.7168837303223 141.1994115814903 -96.92438145123857 21.457058127663405 2.702666628645865 2.362306881033326 15.273588149259117 -2.8688292742522097 -18.93472005280574 -34.68999297656057 32.74487219082726 8.094916655701884 -23.795525307287058 1
1 15 1286.724022823838 19.626418023526025 -37.76734712475001 58.47635475656232 21.461620873002488 -22.234361674975535 -29.551359405298395 8.039178203878835 -8.496743974307812 -20.209000456254657 7.836006204707599 20.083172761609045 -4.630031587255588 1
1 17 1245.0880317349624 140.0661770454973 11.294561724044803 -86.23864317396831 1.933903961970321 12.17697193801137 -12.444144067956291 -11.425567477593441 0.12104946839258082 -25.798220224395322 15.083619358571804 1.5061861530405936 -12.608716809941523 1
2 2 1172.7700872523517 177.4091067859796 11.993968633015532 -44.81984174788911 -69.9535577533489 6.9761511492091675 -20.80592763294868 -40.27920965821912 3.3667671963570815 6.3312951350460684 0.030770767567819823 -2.8816469521399326 -12.83410416306872 1
2 3 1171.1737575414725 144.5704799681509 13.311900275318168 10.28405433413047 -83.42166964216996 8.155427383747115 -19.10170966104556 -36.30801662454297 1.8312240325928728 2.954805566142127 0.19323667179798545 4.3645443905240136 -6.387961741406168 1
2 7 938.9730089856569 215.12861324021856 116.76980789989885 -41.8104247319473 -87.87247271603191 7.224754095304932 -47.03804996541376 -10.801288892897594 -13.098833232326779 -13.673154678390889 6.334648816846426 2.8867821118402635 6.837502744542524 1
2 8 1127.8073136408527 131.5557608318527 121.09683318732984 -63.45276505279741 -95.71965988827932 -10.89848079662017 -33.37910837690676 1.8647430129458689 4.0872863303624944 -7.574974577844055 4.038915710095157 -5.790274000881752 -11.43468980624134 1
2 14 1272.8817847680164 81.1122686448916 88.4957720392052 20.135540627313876 -67.71924866282083 -42.758191074638226 -3.79203907015588 -24.211728018352225 6.430993651150315 -20.830259732380966 35.39650980712013 -3.3998436506181124 -5.458233644426806 1
2 15 1091.9628149810674 92.85873497783133 141.1184364038407 5.332543139314102 -81.64512228204649 10.438228647608016 -68.98846274076125 -5.097334277856613 3.6571718151484576 -12.182882192600468 -7.044997426357849 11.393009700011175 -9.191667540189307 1
2 17 1069.3031406750774 153.93125302885386 142.54554153789363 -79.39437735831793 -58.42124673465845 -30.03565089976528 -22.577206625449698 -8.042554324069924 0.14568209044659894 -5.05139257492453 3.9151282258571536 -14.53100453737648 11.858066016828156 1
3 2 1036.727722104781 263.75570591237454 -14.577826978618484 -64.14716423586017 -69.809284808808 20.6732253408356 8.966364916139014 -25.07367543537148 -14.249360627809292 11.819233850382531 -2.6411259552151427 3.8735777020922475 -6.815856817395802 1
3 3 1101.6707163668452 227.14403167842417 -17.91377891838874 -70.15371902732237 -60.36622275836823 36.94176242522558 -39.44195088932306 -5.353340165009431 -18.196841074959377 0.6703369760065275 -0.24287505390024106 1.1881234552134694 3.970174189261697 1
3 7 932.1297550670697 301.62382686690904 53.32518498118097 -98.81006606817923 -70.96621026815278 5.156388009714247 15.915740695645951 -11.67607446483989 -12.65084286568899 -10.314237574504212 1.641369844084561 11.164867078086527 -12.522230198285795 1
3 8 958.2932516810974 242.45314149034982 89.23331750682073 -114.7583679003124 -60.016750638004645 -25.475697119693475 -0.33001948437540835 -15.442468124421008 -14.835804821525327 -10.68618019917968 11.826874390887514 -7.363204365923052 1.3976391882752854 1
3 14 1169.5567221286472 167.43206525746552 40.13656272636589 -34.27227381894114 -40.92178637698802 19.359875031772468 8.97783878473169 -16.57680234078531 -7.0849068734794445 -16.682055376628355 -0.014622389884719311 5.726560020336979 -13.320319582843819 1
3 15 1011.6288100167911 203.2620526579572 79.80871682817283 -50.31463522401334 -60.19381840082196 9.508134964114609 -13.452887474006479 -20.443659893446586 -18.538984450540315 8.170503426951544 19.069065145760838 -4.964997104451377 4.158006067262818 1
3 17 964.0064938340149 245.59575322093312 92.30984013061026 -125.10032138840607 -45.07418348238068 3.087798300480404 -1.968703273750577 -20.834197844623485 6.889155733020713 6.660262335241613 -13.119096373612653 0.26624510644565125 -13.72383992099224 1
4 2 1141.2889073944393 161.54412569144077 0.7293324147630621 -22.832251213710187 -79.52958195418098 21.975470747973468 10.554520349153925 -21.91907066874814 30.368828658731104 -7.654355908693918 -8.403960822330673 -2.3016665899438924 -21.509627579759744 1
4 3 1184.37939484189 172.14211855417878 -62.03924884445255 4.074602061808831 -90.13014207382852 -5.574583538828529 1.686295268223001 -20.362827229967476 7.53496433675695 8.213998361288498 -2.9684460003824045 -8.999862221238086 -10.932740264737044 1
4 7 1044.1956468846658 223.5229010865421 15.499101932309753 -47.187483888006874 -103.85210150981895 -5.983382618581273 6.091057078299744 -5.155849677144681 13.18253910214048 3.8054895714015413 -15.72431086923522 0.5018093892173641 -16.462793706614352 1
4 8 1065.4025445327422 142.06727091909806 105.03093784514735 -96.61369462164961 -79.81497740939189 -45.778415115683046 -3.9255223630325573 -8.726746965325683 21.94483495810767 10.363518141939533 -1.1398683214099061 13.607960130659313 -12.895049742777454 1
4 14 1176.1286316863705 86.26961213389473 26.16422182388176 59.55925435378528 -106.51598497239279 1.2867729199089109 38.587317043749415 4.513670032090654 14.376685967849353 -18.280301860647043 -4.227823598081617 -30.29439201057104 -23.47056557587913 1
4 15 1207.4397196497366 81.81635279544568 56.984895649867184 8.468832153968341 -85.10614641941143 20.198365135665885 -35.57235120180019 18.213523850175726 7.17261801415702 -13.461155271185309 -9.150919966282174 -11.391903550334842 -16.145066024802396 1
4 17 1142.5649109815947 97.46455913542715 124.63922868387557 -70.25675614204877 -95.09136995946513 -7.890655752409031 -15.740494320355287 3.7471114877515177 26.495942250574018 -4.304186492690059 5.158862976653863 -16.57297069314289 -14.242418102263898 1
5 2 1051.8931935530584 227.5503170540354 -38.20806185393984 -95.31598680022812 -45.34127811157621 11.96287081668382 3.002191740862496 -11.1675282795043 9.645972043748865 8.380487653672894 12.31995412410558 -4.724512766383179 -9.70016421090903 1
5 3 1069.1152754685963 235.92692637622798 -86.68454160948502 -78.16203300760223 -24.834766333722822 -13.622718059922235 3.087437536174152 -4.244235612356604 -18.06531201106436 26.49146878737948 2.5499575751608625 -5.98957746803168 -10.503316206710764 1
5 7 965.239503226567 267.6666990253778 -0.027221095845887514 -136.988509149403 -66.74909790222303 14.418527051926281 -1.633132067604981 -18.23243429480772 -18.352889164974403 8.892768274014484 3.4789989314749743 2.3224374061684974 -8.855013179675213 1
5 8 1029.4534704321802 237.3374960538382 4.736525505507599 -124.15296059123244 -40.04023680593353 -17.53992441318094 6.469521173958469 -24.904819726871082 -0.764084033918958 -6.253332055403212 0.922627440979041 7.120990696820505 -4.868126280519137 1
5 14 1205.7852653351922 176.57489137750275 -28.468048176408598 -30.648715113688276 -69.4762394046233 -2.7544327553328154 45.16530475259692 -2.125612381278212 3.0913930708156117 -16.639437401190495 16.81783582490872 -10.724176774737398 -26.923010920322337 1
5 15 1088.9137563869983 221.34595326655608 -0.487616020241578 -64.29584252403187 -49.830649081434075 29.196266518091242 2.2177658118332926 -24.209610372253938 9.773912806393627 -7.1766590510022095 0.8074349165421839 11.46361379838079 -18.129821518321855 1
5 17 1015.840415090232 206.20561018618744 35.48113190492473 -139.77046749384755 -59.990904203098935 0.39355374027399587 -19.458909678491146 -18.591427308774044 15.819309178888405 19.713716087317128 7.187841073605653 -8.292780983772198 -19.42895787041059 1
6 3 1188.8186014407895 226.87737672689724 -80.63612140316808 -13.68582066717961 -12.7988519218439 -14.866845188817909 -0.6922924735317055 -27.193730056433772 -14.859003518346189 14.545283231263197 -6.087435471087322 16.203865811666045 -5.329396079739192 1
6 8 1069.1059847656786 205.10222589728565 87.2567607927593 -62.669132676197144 -14.489769599036052 -19.286935688541853 2.683380855060558 -34.014159026138536 -6.117811200571212 -9.13334331309405 2.5247190645956956 4.340657664300662 12.584412544746643 1
6 15 1220.9035647013661 152.5756618851261 28.322517735830964 58.10839226906327 -30.945768394257904 -20.055792988021174 -49.8866310717982 -29.05364632160959 18.688040392777992 -7.709006385349789 -10.475299971798686 -6.027601718569027 -3.438711132955748 1
6 17 1042.4005201015264 224.3518944498678 82.48775731681434 -47.34323847510867 -51.13944685555844 0.6816748711817798 -53.52100325027191 -22.759514067974578 5.205033300248842 17.098388669129182 -10.560791759006811 -6.034687390303035 -2.82818621556233 1
