1 2 8.1641e-005 0.010660000000000001 0.449 0.05151 1.355 17.015 0.03309 578.9735284977979 935.0144922973052 1946.9547023777022 2909.181285779484 10.723202743351901 31.10703785692437 86.83404009948747 128.24227303780063 14.465255469848055 26.87124125559654 21.50794774468071 20.151717696854377 82.17378030562399 1.0800805027112197 1
1 3 3.4885e-005 0.00498 0.482 0.055060000000000005 1.842 19.814 0.013463 696.9596727324677 980.4554427601748 1374.5920093455825 2999.2992052827985 28.78912121955522 28.594569502711707 77.10480623477078 98.94349269037434 12.016477176025644 25.625845810257513 30.46358462387389 19.546232632189945 83.27818014695995 0.7846231351978314 1
1 7 7.2048e-005 0.00914 0.689 0.07812000000000001 1.335 17.065 0.036018 530.7499217109353 808.7231114491082 2124.1793018561325 2933.5717173658322 37.409652620201825 13.594521782627808 174.0319681823853 181.67090590123325 15.779559557921733 31.067493489804985 19.713495919769645 19.984171395217043 82.61519737340922 1.2822567187874496 1
1 8 7.23e-005 0.00905 0.514 0.05885 1.214 16.935 0.027843 553.2314445476006 787.8176257380987 2442.016176873313 3403.614538165124 38.994206539692016 37.10886778287255 95.06603130691434 46.81171975797576 15.138329685595819 31.891898809017672 17.147716053877883 17.22433587664851 82.9002462898928 0.40411442872555364 1
1 14 1.5501e-005 0.0022800000000000003 0.349 0.039740000000000004 1.172 20.524 0.009902 721.2001542940784 1325.1430076055678 1703.081480895601 3115.690028825238 9.604808779663891 31.550963853414938 102.37152645409451 305.7491133487426 11.612587643159307 18.960217769551495 24.58778424270056 18.8160566223285 83.46739071238822 1.2065285281165565 1
1 15 3.1456e-005 0.00388 0.356 0.0409 1.755 15.727 0.031655 646.2328307970537 1305.4971291756056 2133.485085312668 2725.0576574828806 63.86795544689362 17.471349300081375 34.80544442957956 109.14106770342086 12.959725351109759 19.245542129890335 19.62751007179556 21.513306274096074 81.90435899180326 0.5601119320039689 1
1 17 2.1719e-005 0.0032 0.337 0.03875 2.495 20.814 0.009726 594.8942671470472 862.7232798552705 2356.4408848749254 3265.7409933557024 47.77395537425241 78.55548042449892 52.71628485171591 61.53441470845883 14.078131968163428 29.122895587348637 17.770443667303216 17.951515481256845 83.65025782310441 0.5298928048309026 1
2 2 2.3214e-005 0.00313 0.297 0.03397 0.519 23.386 0.005548 389.7133496922813 854.0828447402424 2166.153971944681 2971.296180553082 18.136648554441994 40.746733948768146 65.01768272018687 137.44913157685727 21.49015425469238 29.41752097554591 19.33149745694504 19.730446390264415 86.0886934454504 0.22701466134594606 1
2 3 4.342e-005 0.00623 0.333 0.03803 0.684 21.464 0.007809 370.2532003747121 1127.185685997572 2009.2988516316614 2543.7300968177233 18.798241776245717 140.2360413079003 42.29359827351772 165.72260030046115 22.619655931465662 22.290027554567548 20.840603161642775 23.046863373335675 83.64668289486596 0.47402620477299706 1
2 7 9.655e-005 0.013420000000000001 0.443 0.05126000000000001 0.813 22.158 0.012108 297.9048603883691 606.1270779908658 2346.4136798788254 3152.4800547852333 7.257149842416408 90.50295431732661 41.50420787940562 127.42873081806371 28.113002215142707 41.45170363165763 17.846384190089843 18.59646975752045 86.97340138499573 1.0913189348188939 1
2 8 1.922e-005 0.0025800000000000003 0.3 0.034260000000000006 0.471 25.822 0.002971 368.51865685303846 1523.973453027561 2649.135810534576 3356.049450817695 42.186346452483235 814.0669230109035 328.71643560785793 300.67972759835834 22.72612212233224 16.4865076554228 15.807041614657699 17.468455354767237 86.62375588639742 0.5063125299705655 1
2 14 2.2603e-005 0.0033900000000000002 0.348 0.040170000000000004 0.453 24.493 0.003951 310.50098028884145 1612.9191112929723 2292.294602886407 3353.335221717896 3.359628084531832 69.52779323754078 71.18246184797297 79.7067487958258 26.97253964289972 15.577346578687957 18.267721761099956 17.482594528669498 88.21363867459982 0.3221898035524887 1
2 15 3.2163e-005 0.0039900000000000005 0.487 0.05535 2.619 19.975 0.011559 276.7627195304795 2073.9559442770033 2318.3649885741793 2797.8363868734978 18.98766800042227 133.7819107526326 75.72639449207554 86.09381471553834 30.260578499185012 12.11452927403372 18.062298303492582 20.953691314849102 84.7939377935355 0.35422067308530897 1
2 17 2.1331e-005 0.0030600000000000002 0.359 0.04151 0.811 23.79 0.004489 335.3993582679735 1904.5745762244749 3129.011457680463 3653.4414711410313 37.79554280999239 883.9434168924435 411.39837694026465 154.88192259969026 24.970232630286187 13.191922392352016 13.382820921672797 16.046514078051022 84.92162772710111 0.5728289238312562 1
3 2 2.1844e-005 0.00311 0.316 0.03628 0.569 24.707 0.003951 411.998581812293 716.4673907120334 2081.324160392853 2860.839909178279 3.4966962904642944 5.137691100366203 91.02376554128115 97.8233560439887 20.327739875123303 35.067890493983946 20.119403213046848 20.492233700989896 83.85896898379596 0.2984878520657993 1
3 3 2.2038e-005 0.0032500000000000003 0.359 0.04118 0.873 23.641 0.005322 426.27353598753126 732.0661505439812 1946.6813247394327 2926.0212280024484 13.045462737635756 17.882210775391254 154.43913177277665 133.3537277503954 19.64700900467106 34.32066894682974 21.51096816301202 20.035739809045207 83.3438952250983 0.22938821240706542 1
3 7 7.3391e-005 0.01076 0.565 0.06357 0.477 21.325 0.028729 358.85092669800156 597.481719713738 2178.727771905905 3126.5442811231624 13.142847784473279 7.864306565892789 71.95087492691272 62.34091461760152 23.33838197678156 42.05149575461111 19.21993217324652 18.750733950564705 84.28443212610624 0.6257990606524151 1
3 8 2.1483e-005 0.00301 0.327 0.037380000000000004 0.823 25.571 0.003114 361.52273987992027 579.1797860962728 2603.051601846387 3356.6770459028517 11.368311854783853 14.567493265122575 110.45234393046594 61.295333381897 23.165900996384778 43.380312302238494 16.08688816245417 17.465189292356104 85.22390795561515 0.3887858583133714 1
3 14 2.3636e-005 0.00363 0.495 0.058460000000000005 2.605 21.419 0.009451 486.33861235690205 717.9048114492424 2028.2881510004258 3184.652519697914 20.39284935430732 82.77612770141128 90.0805840944456 59.4192507200972 17.220512184736762 34.997676014010665 20.645488649798462 18.408601766562896 83.27223528950775 0.8293282371362247 1
3 15 4.2342e-005 0.00504 0.578 0.06503 0.573 18.687 0.014785 334.82352072827365 692.8616119172983 2278.950419996736 3040.6259717169064 15.145060097123924 44.394334003583374 16.137957439026394 111.74315306929387 25.013177036617865 36.26265269694142 18.374686712166373 19.280569377922227 86.4433870489472 1.4379007280936553 1
3 17 2.3903e-005 0.00347 0.399 0.046130000000000004 1.404 22.72 0.006453 353.8917352484178 634.6391601694709 2374.427897847909 3156.071374047927 15.410854100793028 22.430387759750566 31.315987774052633 40.477878926454174 23.66542975105391 39.58942589248786 17.63582715565038 18.575308683468876 84.06957920699982 0.48408146619303016 1
4 2 1.8593e-005 0.0027400000000000002 0.304 0.0348 1.017 24.527 0.004483 460.6490607431706 894.0080319265352 2047.902514972372 2851.3125446813883 7.964754134881764 57.861000978952326 32.108696459075354 132.77066714747411 18.180868504298072 28.103774354081686 20.44775065895406 20.560706369897755 83.53835277901325 0.4297164020921014 1
4 3 1.797e-005 0.00267 0.208 0.02339 1.317 26.608 0.002469 455.5346649702803 958.8898832782325 1865.9045499367348 2532.3161320237155 9.44144675844027 42.41962760600988 45.96966522495058 211.96659152522471 18.38498942895245 26.20217445000377 22.442198343650436 23.150743012938705 85.33061447144982 0.5254956673607083 1
4 7 9.5935e-005 0.014310000000000002 0.361 0.04229 0.515 18.296 0.027413 447.2482378729951 635.3801862865171 2078.9742821345694 3012.042309361665 2.5291461509465236 40.769863970705856 39.480620304569754 49.41042113287625 18.725618774552323 39.5432538537961 20.142144306376505 19.463538017971686 86.20718326356752 0.7395652713660111 1
4 8 1.9199e-005 0.00245 0.336 0.03905 0.75 26.436 0.002524 388.337609602938 1136.9988892551112 2717.3554786405507 3291.343568173149 13.81125553495081 600.900236970071 291.63326305688497 183.56593266975167 21.56628612037642 22.097646917192936 15.410203165965386 17.811874933658064 87.24911259281237 0.40585121598206964 1
4 14 2.5757e-005 0.004 0.532 0.06101 0.611 18.506 0.018862 458.33598671950466 1727.125809137584 2141.9184054140874 2653.2743652808194 3.2767350740125782 27.927703544342886 64.47709605515942 196.2597646917523 18.272621488753806 14.547289993046782 19.55023118254801 22.095340296175966 82.91808974032162 0.5275338721873055 1
4 15 3.6748e-005 0.00427 0.594 0.06843 1.539 17.205 0.024172 375.52307869304025 2040.4405841125788 2299.5264689716437 2833.0814438807956 20.762411756773727 33.77405219668199 19.212696240407592 100.91239281244293 22.30222448417314 12.313517088235763 18.210270925355623 20.6930161244128 83.0030825372516 0.37149832714332043 1
4 17 1.6143e-005 0.00222 0.288 0.033370000000000004 1.162 26.197 0.002606 411.57861686507056 1308.5857414349896 2346.1057862136995 3091.6230699668286 2.1706992938900522 273.3489146347301 20.62959734993101 46.031505766197114 20.34848181324641 19.20011750429745 17.848726279125138 18.962531548397656 87.19548996310452 0.8047030267472634 1
5 2 2.1343e-005 0.00298 0.235 0.0268 0.868 25.751 0.003281 441.7846581348455 744.7189000375582 1966.598345068735 2879.7674200811766 6.727328061913006 8.857605470813542 107.05134000257641 142.19937871283747 18.95719972567202 33.73756191595631 21.29311259973445 20.35754679047916 84.97991758272491 0.49882958364708485 1
5 3 1.6186e-005 0.00245 0.247 0.02812 0.798 26.629 0.002673 478.44652129198573 769.4961702903156 1681.2519415061124 2924.15926126259 13.558395775237122 6.015808066395289 41.73791808971872 78.84342595020483 17.504568697425885 32.65123462605517 24.907034434403215 20.04849762344578 84.94803768740381 0.6187731916797566 1
5 7 9.18e-006 0.00128 0.215 0.02474 1.184 28.784 0.001556 435.2191919325746 683.239678810926 1979.9906209800201 3006.396578775879 8.24013502484539 8.629372538460498 110.26281488370779 51.97103041378018 19.243177128313494 36.77333266669496 21.149090079665864 19.50008871546497 86.78688472818553 0.40289927641755235 1
5 8 1.5501e-005 0.00215 0.273 0.03132 0.626 25.361 0.003321 415.7722768347546 681.4056445909627 2307.612629542835 3282.759708376077 3.617928454403787 7.2413787750242244 128.3229062549042 64.70161755201848 20.14323817777917 36.8723097606304 18.146459879748505 17.85844996525827 85.30376997500844 0.5416137765519885 1
5 14 1.3688e-005 0.00208 0.244 0.02742 1.331 26.697 0.002445 509.8717257974752 955.6453722000248 2006.4366272995426 2517.598311240001 8.531434370965039 77.74765085196843 149.97477326479674 274.7356748864097 16.42569998738587 26.291133438085776 20.870332723321265 23.286081714570756 86.37378470726225 0.3522031006700177 1
5 15 2.9316e-005 0.00335 0.343 0.03884 1.718 23.376 0.005963 417.4093461031017 678.1258894127308 2264.186703912095 3039.574250130166 17.61512361962201 27.670382906199478 50.528612867637776 137.4229283591809 20.06423688925102 37.05064264949198 18.49449956032679 19.287240638220783 85.58212251587669 0.8288407912599664 1
5 17 1.6659e-005 0.0022800000000000003 0.238 0.027480000000000004 0.55 27.023 0.002265 417.0888055320836 776.249888707389 2446.8255585924094 3166.3627482671823 3.8511024689354705 12.792239677482979 73.05716193229131 23.02850226313352 20.079656631675704 32.36715439900177 17.11401119419789 18.51493485137892 84.85293942762255 0.8960826904379926 1
6 3 1.5481e-005 0.00232 0.285 0.03277 0.689 24.08 0.006765 462.6811149574713 799.1439739434954 1709.8173238464794 2763.0614025346727 31.872007220484836 12.078019004075879 83.7639188925911 89.35556206427822 18.101019750438297 31.439891708144817 24.4909204135306 21.217407599491207 85.48782288039439 0.7063869968946235 1
6 8 2.3668e-005 0.0035499999999999998 0.366 0.0426 0.761 23.673 0.004642 327.27145432111905 794.1260213655239 2577.9105976449496 3468.7687353348265 11.513465554268931 101.71376505332957 124.50720404837871 52.22175429050784 25.5903773134532 31.638555246932718 16.243775109290024 16.90080961662645 86.21988038969002 0.5516095089728439 1
6 15 3.3073e-005 0.00368 0.369 0.042190000000000005 0.954 23.55 0.005177 252.60834577690036 1527.3494918995293 2183.836671910567 2632.9332590377353 120.22800391050333 220.57467895518846 94.10155820071678 143.10547991873065 33.154090670451026 16.450066034822598 19.174968777937472 22.266041039500493 87.5665500248543 0.46034426319620864 1
6 17 2.3605e-005 0.0035099999999999997 0.291 0.033650000000000006 1.163 26.769 0.002311 320.1805902943469 749.5326676162114 2381.1578880944444 3043.8897208597427 7.563334838877847 49.41814502613782 62.17068799245674 163.70790056588987 26.157113372489988 33.52088719482596 17.585982101132767 19.259896177658316 84.25936598272229 0.8523883774315391 1
