1 2 1138.322784959895 135.7090432136011 4.6057445879691725 -96.59034841932589 1.9099199236259483 18.701856891484372 -7.04044690340504 -23.064118925515817 13.469584849490742 -28.115679395019725 11.502442248097926 -8.684279635283364 7.2311037229296975 1
1 4 1178.2602340324145 134.4617855170468 -14.17671355256091 -22.707356720482633 -0.3639075507699933 21.530991082327795 -9.950136524080117 35.74763916045233 -2.160163697826255 -14.173527322895817 -13.748445318945826 -3.221786774797411 -5.806970263700912 1
1 15 1294.234239185552 103.63833343043828 -1.8739191679087208 10.631537238792603 -18.087950703192227 28.173530583740863 14.887167352804648 -17.343270970166543 -1.950067856407068 -39.171132034575976 -6.796467133099066 8.43615531393256 -0.9649701036453611 1
2 1 951.0184208543262 236.8736026548623 122.14093874095049 -13.18309897270111 -46.906932620144175 -20.82454500569769 -8.343102643916557 11.0422022051407 1.9650724390436984 -17.80119101438366 15.003907659885236 -0.6711713213444129 3.8585380488500083 1
2 2 1086.3023026837375 125.91363368097436 217.4682648892012 -57.92576654754046 -55.2157131276467 -48.088587941296296 -11.548619822504156 15.367520171722695 -4.856564866226206 -15.232734108660724 2.432170074944769 -3.723114494090782 9.445955281646478 1
2 4 1118.9529452297206 116.6840720622664 158.63861549518415 -42.001817549114776 -61.84454701565881 19.536539250495903 -48.724994033203366 1.1778269042487175 -14.993891322667169 -6.80619189598632 17.42829682339407 0.48359858248662013 3.2373851858089657 1
2 15 1124.595126655389 89.29995399200102 173.7404400670951 -8.74653164441465 -69.99203491916953 -0.4775573746993283 -24.59267242366472 -16.375325611805614 5.434537398527803 -21.659530739316367 -3.6463850632941424 9.880810098660294 -2.1097531774315637 1
3 2 977.2320793045799 261.7235541693753 93.35016953746248 -93.84031236815039 -48.96334938143908 -5.295241221963647 6.516322058757769 -20.32320793251998 -16.91705373123694 -20.0014730255774 11.20120412458833 -5.233461587527098 9.036845192326517 1
3 4 1128.3145927389974 190.1238186206219 41.68899718926858 -48.01101618111023 -33.23010349918992 -10.546774957550165 -18.750725293801082 -12.370549437417898 -15.7790891259219 16.915793291505217 7.504983329892984 10.189989320479821 9.912065965725384 1
3 15 1016.9805714353856 206.54174671883115 98.01524316763172 -39.095409346937736 -27.9418738050355 -9.27777740364311 6.3081651385745445 7.19473031277745 -12.262639190388482 -8.163141439688095 13.258011722752984 -3.8487892688845453 10.63829765419828 1
4 2 1137.7528431474502 143.3619704215937 105.50172196545056 -64.53622492051136 -78.52233558891794 12.489632699864734 -25.0695676179612 12.187994476165892 15.805616511777655 -24.963806372228422 1.8831806729311937 8.8629308743137 -1.381422490671759 1
4 4 1180.2979250012263 93.20836250006 143.8933684907957 -31.799271451977557 -96.79419222935144 7.526357279551279 -37.03109151757009 6.843587024369195 9.139446408268554 -16.95288924787141 8.254051791255609 -7.535326078492471 -0.0825200330883412 1
4 15 1049.6742854964803 155.06978377021304 93.17138804086814 11.933640647887962 -56.037186847578894 -2.0791547600888967 13.356805232101255 -4.3535088143105565 7.377493178874996 -22.82059638879992 5.958549394682124 3.6991965649784366 -1.6532799253841455 1
5 1 989.0085291273441 278.5507518184679 52.47385071077025 -87.6085992035916 -50.26187564442272 -10.805607717123317 2.0230479863422133 -11.770936629022343 -1.4847639106994668 -2.857127334595762 5.085692488403612 3.6676553759110884 -14.130260804852005 1
5 2 1088.1266647590344 211.4583683391093 98.43876992634344 -140.5469164178028 -32.07313326305843 6.660027648475518 -5.806817240681894 -15.131986264328741 -10.202345486236794 -5.911873131371423 8.851060586835697 -5.873757849025933 12.145668605053343 1
5 4 1065.7092622332275 218.8318688446726 65.41882954942716 -83.57275329595096 -35.565663443589884 2.3235021794558697 -2.4773719471801687 13.435640937760109 -12.890881733795094 5.794889931473904 5.657364002774671 -2.253952082338302 7.108597932070121 1
5 15 1054.675202431361 216.5347014742915 78.2689716937664 -43.93236797095061 -47.08077011074883 8.1256417613791 14.906227180302057 5.696489440223984 -7.720520687427832 -9.227894013507058 7.764742818449153 -2.9560653269045494 -17.925108574097862 1
6 4 1123.46239038315 168.40011732506107 -12.219466978347633 13.05537779532697 -25.66285388992891 30.243441895303157 -20.564416318442404 -1.5125159081462587 4.267097343612113 13.287415824964883 -1.7756470687691985 -1.9889721806696175 -5.291270040122641 1
