1 2 2.8501e-005 0.00295 0.21 0.02413 0.832 23.863 0.004994 577.748850470874 851.4577024285535 2385.739082121164 3391.230945683107 13.129768641497595 22.48129825547288 23.98472163696444 23.255251848448285 14.495918067468674 29.508218586005757 17.55221277708578 17.287233143064803 81.54441246294267 0.43015148010952475 1
1 4 5.1435e-005 0.00517 0.382 0.044989999999999995 0.939 18.89 0.015506 544.6763297900922 1148.4476604236015 2155.7196469484543 2827.3080690727356 11.06350107188283 22.311937884942374 174.3521574566514 113.60475201705748 15.376104196096726 21.877357467673118 19.425067660943984 20.735271349197923 82.48806714862894 0.6612721934045278 1
1 15 3.9289e-005 0.0046500000000000005 0.613 0.07261000000000001 1.897 17.231 0.022145 553.4992735419709 1133.9427281454841 2087.3690809416103 2500.5511731957445 26.884738818691428 70.41815702874054 24.0750129150217 225.9636828404955 15.131004502330098 22.15720368972328 20.061138388190663 23.444831134999852 83.25619568260453 0.7781069073808036 1
2 1 5.2026e-005 0.005620000000000001 0.513 0.058730000000000004 3.331 20.548 0.010107 298.2883737278241 1550.1847434678987 2875.162287868156 3544.2547558199685 40.84540963459805 972.252614495345 428.41932208080914 229.98548812619856 28.076856953338197 16.207745628945606 14.564395260988562 16.54085387167295 84.77363570459988 0.9149726755526102 1
2 2 1.4764e-005 0.0022800000000000003 0.279 0.03195 0.761 27.599 0.001905 319.3730500276011 2481.2104728282025 3206.174046477115 3654.6351159523783 29.49715085622012 354.75697621779767 113.5820984019163 156.03975456689736 26.223252084908886 10.126105896756643 13.060738248446455 16.041273106610163 86.26146726037513 0.5810157135363012 1
2 4 4.1218e-005 0.00445 0.661 0.08117 0.626 17.003 0.028756 320.142958017659 1595.2886987698594 2452.3652041610085 2983.7212702626857 10.51747527677973 267.07889887635054 58.22802636696371 82.15079232440802 26.16018809802475 15.74950040038151 17.07535236960193 19.64828302974784 82.57994829017284 0.6171506224003102 1
2 15 2.9935e-005 0.0037400000000000003 0.544 0.061399999999999996 1.698 22.429 0.007378 272.8017516968113 2126.8728803534323 2357.748530014794 3061.679136191446 6.030938510848313 121.42104692693087 72.99610994250564 47.068875696080696 30.699949497787234 11.813117855837657 17.760587894306628 19.147989515624474 85.74142692790936 1.1980179892433045 1
3 2 1.5415e-005 0.00223 0.221 0.02489 1.101 28.406 0.001598 305.6716041024964 592.59064009223 2499.7263523809265 3423.733121401678 4.200531221802403 5.320818982957298 53.02202294606255 67.88651120097053 27.398685018814287 42.39857719671303 16.751833639756253 17.123122019510358 84.18723441618886 1.0787934726612296 1
3 4 2.8211e-005 0.00301 0.506 0.058010000000000006 0.583 20.755 0.010014 343.87601727096325 800.3483700096338 2404.796842336845 3145.9926144093793 12.570736242220804 46.66808805165381 118.97059736314633 95.33241066294318 24.354708032461506 31.392579708380705 17.41311335027713 18.634818063934365 85.36763275802302 0.5621396158226001 1
3 15 0.00017328 0.019270000000000002 0.675 0.07685 1.113 17.65 0.026515 323.73702318252043 785.7052196518456 2258.2875042263177 3136.6604489403176 15.065641862048345 103.55381707833291 151.81178528336815 112.23383521871709 25.869762802131653 31.977641705286313 18.542811719779785 18.69026021602234 84.76478072603818 0.6481729646591953 1
4 2 1.6192e-005 0.00218 0.195 0.021960000000000004 0.939 26.867 0.002267 416.3395968879901 965.7522011617829 2458.084005464788 3020.061976861393 59.54022989234846 687.5591371496032 181.446278619486 165.79252069629078 20.115790240948826 26.015990406001734 17.03562608393526 19.411853282867455 85.01693372930886 0.5892347259959438 1
4 4 3.8199e-005 0.00404 0.375 0.04215 0.939 20.422 0.012375 377.5120389098774 2025.240792241975 2333.7331890180853 2777.8358887749578 16.778133160092185 224.46487793672685 34.3848413510227 68.09310567890174 22.184722967204088 12.405932221119352 17.943353677726478 21.104558493501923 82.47030721533612 0.4442913200398662 1
4 15 0.000198181 0.0227 0.749 0.08696999999999999 2.776 16.718 0.063905 346.72566056990263 1671.4143257326637 2206.4404867696508 3064.9751708128038 22.578809578056816 441.1293309400269 244.06284915419866 294.98990064807725 24.154543353480854 15.032179402307365 18.97853137263053 19.127398015577782 81.82110753291843 0.7197413113606639 1
5 1 7.5964e-005 0.00752 0.84 0.07905000000000001 5.426 15.009 0.05256 384.3712643447623 648.4683965602181 2412.5472475926445 3295.6500736884095 17.407955352758208 19.31011358611873 136.3988788913326 56.149761036475034 21.788829646973902 38.74514183462885 17.357173021910715 17.788599726665872 80.68465007451857 4.273466531177783 1
5 2 1.7674e-005 0.0022 0.202 0.02346 1.033 27.96 0.001883 374.46535044550245 644.9481787679324 2613.8765056416746 3372.5389566175218 2.981980893822524 6.231779229239036 20.7914922160259 35.451020488026 22.3652201466337 38.956618263497056 16.020267181566865 17.3830460534688 86.24202719188472 0.4304568646130256 1
5 4 5.5011e-005 0.00563 0.432 0.0492 0.668 20.801 0.009837 420.7381865925894 660.7492702116442 2420.6659832992614 2999.737277189504 21.807995100153825 34.238285648052916 155.1994928350614 139.9158958591673 19.905490556552948 38.02501362120646 17.298958339938423 19.543378163745924 82.18615923211348 0.9421133532001387 1
5 15 0.000345996 0.038450000000000005 0.808 0.08904999999999999 3.166 14.028 0.115769 386.55144592736065 624.595695895651 2229.057927762177 3147.9914821429247 23.66008781843251 29.455725575278436 87.35134536164847 84.07069998604696 21.66593887628039 40.226021673062476 18.785963109554388 18.62298558701701 83.30379779323229 0.7092289197331455 1
6 4 7.8906e-005 0.00821 1.01 0.11639 0.825 11.799 0.114741 357.33171992701193 915.5346903823725 2164.475929282559 2784.435359632882 15.224368854834996 18.94823526836004 47.85951189970172 84.1109357741334 23.43760582382853 27.442979784312225 19.346484492382395 21.054537968419385 83.09483800310235 0.47911221273107435 1
