1 1 1199.6095800161027 184.13435823690727 -12.423058912027615 -68.64647478585793 15.454247453139237 14.418941573507109 8.199536462208435 -15.329041420390551 -53.052602932353444 8.791494509714859 6.737839246595918 -0.07752102674124857 -7.4212238258230006 1
1 10 1219.434903432627 93.4339418480589 -13.401270221839358 -66.69948525087428 37.93430869662237 -18.493757986792186 -20.495545628587404 -4.1499258324722375 -30.102231599137802 27.861267661256747 -3.1495200076255694 0.14498585762103167 -13.387794007449557 1
1 15 1244.8758188820764 124.48850827596213 21.357750440507505 23.651712755963473 55.79630274721955 -66.6355381446007 -13.4032306676582 4.642548663565307 -24.58557421107745 3.8981050144023586 0.44144588335844454 -0.2713247893258508 -22.70922877453412 1
2 1 1092.9740299541315 144.6986364819634 164.02304469957934 -42.54958322443636 -98.76032059122277 22.14897975786826 -48.57469875212568 -12.138269326524396 -10.33375445555188 13.117791025910766 -6.066071073190302 12.761592518971637 2.0532466820395423 1
2 10 1236.4863478670059 55.47056772332585 153.64935157945382 -70.2148756178435 -97.02504175748788 6.294340705274395 -22.132602531722874 -19.57203018599443 7.7796142487944815 -1.584864630371039 -9.695961941361839 -1.4574733888423805 0.18108936666740294 1
2 15 1223.5478280449615 75.90637074425379 159.83204148273552 5.442676242728877 -86.77040117021141 4.732241856220131 -13.108146741269058 2.7186655851480785 2.722832842247896 -17.74096840679445 -15.415359011688258 -0.7868106742176317 -1.112305853991217 1
3 1 959.324922586317 292.4819961106544 34.61465591517503 -89.51416072404085 -49.12559413871507 -4.619620878688133 7.876289200637458 -14.68482050820051 -25.45522094995784 -14.077597940690891 23.2717467908067 11.685034153822112 -2.073089603523924 1
3 10 1105.2754160451836 189.97735364127567 73.74719939742171 -104.35569937850134 -36.705399180551304 -48.98089652379813 -23.044313245697808 8.268410254182452 -28.543321178317807 -5.479231092478463 6.642505691256831 32.25629418687733 -15.848676207786102 1
3 15 1104.6070018041942 226.47042912163943 95.70846554794453 -85.63756209841205 -20.658527114227876 -8.378033969416322 0.4957874389096459 8.711381755983956 -25.979171709215297 -16.88042653994434 2.8826012121290625 10.212218499382931 -0.16761037224429443 1
4 1 1190.2592662845645 129.7800410442531 94.28528534318572 -24.002993611322353 -95.12720065585486 22.76602843765867 -15.246093454469534 4.928598895824171 -16.99714927773444 3.16787044194249 -13.220096252711791 -2.5093845691088603 9.464107455731392 1
4 10 1176.3666847161928 86.37056249721633 75.21210453457556 -63.43014972716096 -82.32372867541076 13.310514668756205 7.493949905426211 22.019017247839848 8.066529069958852 7.329355091302212 -30.750987384323533 -1.196819328465363 4.504291977142338 1
4 15 1198.9924694573333 115.9535574429419 85.92369210785827 22.21492812941681 -100.45747990734178 -2.2151231661458852 3.473942499338877 3.2945472215611717 0.8300342732813792 -1.0902640197354605 -10.107003733156791 -10.649755085493725 -10.552917451752148 1
5 1 970.3258540768413 270.84262017016096 46.74313992043507 -115.99891281351248 2.4630313086418942 20.03272764811069 -23.648938091528148 -8.501146634579856 -24.592591042053954 22.19854907487077 -15.75907627130777 1.2240813358460045 -9.609526967167954 1
5 10 1096.1205074261934 181.39806989748197 77.78904764488003 -156.33957262668332 -14.10046551099928 -31.068932557328665 12.349358561565479 3.3049340389766364 -7.5290044804144785 15.541503056506446 -16.858079668122738 -10.01784550692443 -5.9624448055481105 1
5 15 1074.95149271051 215.22826456085136 84.88947826321632 -96.3888866046464 -8.874227572104784 -10.013411782197991 -15.204324171268237 16.845541022834407 -24.469259665112425 30.748031376151037 -31.82777810585691 -6.4924204115088004 -1.6409569931674899 1
6 10 1182.8704639932903 120.48223503238354 88.72039085863936 -50.15021690829138 18.288589366447873 -22.4527592745973 -51.44779452034002 -8.230821734959164 2.6748678662215695 9.53535258804495 -5.6261676348572776 -4.951335150622636 -8.774685942623295 1
