1 1 1.2678e-005 0.00197 0.206 0.02383 0.772 25.526 0.003074 543.6998991469363 758.8231621183754 2164.0294769171933 2956.1444590982264 31.749028636969182 10.164414160012294 150.0063907152972 25.998650991411296 15.40371814146067 33.11048114274684 19.350475789106984 19.83157481345942 83.65296332843322 0.9417656882143236 1
1 10 2.8375e-005 0.00358 0.26 0.029849999999999998 1.123 18.676 0.015637 669.044613273774 1123.6965950989352 2867.32544092176 3100.0318945374697 26.627918432270647 32.660784248560084 54.14659825134098 106.38521154378347 12.51784983219488 22.359238347418756 14.604202021287973 18.91109575462834 80.31603381113312 0.5331559529667047 1
1 15 4.3186e-005 0.00668 0.433 0.05016 0.744 20.101 0.011145 303.69133848388174 1377.1393217565405 2591.4204353485616 3055.18879892168 9.135093080223545 6.38147144369214 139.23138452552257 65.0287891045906 27.577342316743415 18.24434144248606 16.15909152710203 19.188666841372136 85.9102651666055 0.32146576966127116 1
2 1 2.5579e-005 0.004079999999999999 0.332 0.03676 0.983 24.949 0.004576 329.64189188963303 1114.9183941873787 2442.357121818862 2900.634128973618 10.724834184958839 568.9219646063717 155.22709875021548 274.15743613144224 25.406358251347566 22.53528162329105 17.145322289647396 20.211097778382793 84.9900750793947 1.5765936388712642 1
2 10 1.8816e-005 0.0028100000000000004 0.335 0.03858 1.71 20.977 0.008811 401.01612467217706 2076.1685603371025 2660.6874555710756 3350.1809978252713 8.334260541309545 25.663230940513973 18.71238179774886 43.23941987042202 20.884446995358108 12.10161856796469 15.738413736765702 17.49905454005491 86.13922195803201 0.46276849893768224 1
2 15 1.8218e-005 0.0028699999999999997 0.285 0.03271 1.005 23.139 0.005109 301.15226467070033 2152.029298347979 2590.4329321188648 2920.5188398583473 8.542291726808012 32.04019722644395 101.47953144521014 83.30547928910814 27.80985229899491 11.675026924255812 16.165251561154303 20.073488039146998 84.7328593005676 0.6610236829937199 1
3 1 2.5835e-005 0.00418 0.4 0.04441 3.228 21.987 0.009907 331.88091931195476 661.1590050501548 2478.7028003206196 3105.5612274059617 12.595979216210864 9.902389602636482 138.66700372708786 101.27414842156296 25.23495480656975 38.00144868040336 16.893917251629958 18.87742527265153 83.19862865472508 2.639834893029241 1
3 10 1.1882e-005 0.00191 0.285 0.032869999999999996 2.708 30.661 0.001026 333.9444775429211 643.390269161947 2881.1595973330714 3183.1939804772883 2.9447538129111 13.142727359029532 32.72724781101944 70.73943246643476 25.07901930770387 39.05094808587448 14.534078583762367 18.417036586381634 88.55308612132939 0.7847945362217559 1
3 15 2.0673e-005 0.0033100000000000004 0.447 0.05072 0.716 22.609 0.006829 339.1493289388539 645.7920547829012 2518.195769061294 3132.1541489725 12.144037780103663 8.95280891021112 94.10905274135303 85.4219294553399 24.694137022780165 38.9057124718674 16.628969246346447 18.717150309869606 85.93099349113314 0.8253847474893624 1
4 1 2.404e-005 0.0039900000000000005 0.396 0.045270000000000005 1.227 21.395 0.008247 397.3948962501813 1306.4599712875342 2239.4128357687473 2718.5252682044325 29.524847000069133 375.67218858806467 127.73616715911164 202.50764190426796 21.07475480693514 19.23135844356484 18.699097964947192 21.56500095315333 84.3710690687459 0.7076888308766878 1
4 10 3.3404e-005 0.00416 0.432 0.04929 2.51 18.629 0.015939 487.7340251428238 1936.4385576000127 2653.936422628208 3162.9488593125407 5.901026841211811 62.18018161900789 102.93426556832631 188.3315823080518 17.171244096713444 12.974850093431044 15.778448813981365 18.534918712767933 84.6002902182466 0.4664397027663467 1
4 15 3.0495e-005 0.00464 0.458 0.05276 0.759 20.382 0.010325 398.0377290213681 1952.0840217468858 2168.6393449993034 2731.944905580818 6.619605839569232 37.14083242863901 141.3845456692896 48.56754857497317 21.04071898056277 12.870859922062206 19.309342559222753 21.45907111092937 84.58565160814496 0.4370433675858934 1
5 1 2.1029e-005 0.0034100000000000003 0.355 0.04046 1.496 21.581 0.00845 394.453769393361 748.6039435366452 2637.733310797566 2944.0547541969904 19.35603320454973 28.217009964033643 135.5292810508711 32.041088186354486 21.231892429067404 33.56247347736567 15.875372930456848 19.913012798564726 82.96490317075705 1.8346898995667915 1
5 10 1.3519e-005 0.00215 0.263 0.030299999999999997 0.744 27.183 0.002186 462.0739871687751 637.5626467334573 2935.4660796979147 3409.487341066836 5.972847090123999 37.44797500666298 31.222664949976714 17.883046344766832 18.124803024111774 39.40789211652778 14.265196348073388 17.194667155343097 86.59802293000172 0.32092390656116715 1
5 15 1.91e-005 0.00295 0.291 0.03354 0.539 24.821 0.005393 418.12010180887165 659.2382618228871 2772.785533046582 2961.4268438746567 14.112573361412577 49.315504619309614 60.35623369678163 58.359663138188786 20.03013001232915 38.11216893043468 15.102141691423963 19.796200646069824 84.810887618021 0.41009787375528384 1
6 10 5.3204e-005 0.009130000000000001 0.364 0.04175 1.358 21.493 0.009 324.4958482755345 1070.9601108316172 2651.8066158987867 3007.4338432648838 4.362634806970208 27.342742292707744 65.06298417341411 80.27148872979556 25.80926703533247 23.4602575258289 15.791121324209817 19.49336313125892 84.43588451820561 0.3261097485711176 1
