1 1 1232.110271552845 89.71171947376173 -61.33422096672067 19.205537899539323 20.71673059833254 -13.570588401012396 -3.115466407456544 16.45829190733136 -26.835630123729278 -17.527640540848353 2.8761964087279663 -0.30989878028834944 -6.100156661589374 1
1 2 1219.1674421240245 130.4758792379093 -64.96393134010688 -16.41485341240645 -0.433568255436219 15.268086211036678 -11.082759074068841 37.67274978368687 -0.1356163572035248 -32.17757024172909 -18.383939818840382 -3.33576405230454 15.649702310384624 1
1 3 1143.0638967503653 232.09866897446142 5.847865985953533 -55.01453734292386 -24.361009775259628 46.84993496872625 14.401190378425209 2.3938088901279255 -4.405147567463569 -15.991378079279892 6.853157614613634 -9.12131819048655 -5.083504792750188 1
1 5 1129.4638774445527 177.7583474926794 -55.40256165095102 -5.10261057053766 -23.95660478718267 14.254601060781564 5.60016467305048 10.082634457047307 8.390327750748684 -18.127067785238424 -4.537549047236584 4.213607614754246 -3.281358456916331 1
1 7 1076.0437572374092 170.52881389753023 53.33767431478465 -37.83192659351094 -9.763041064157393 18.479564702352427 -26.79281996821866 2.492835997244959 0.8739803103036632 -24.303214004272135 2.166932080251966 -3.118435084796833 -1.8353178720507703 1
1 9 1215.706066444056 65.40161378811247 -48.500811925294705 -35.35703740249428 27.440487774464646 32.98623427826287 -15.122965266586645 -2.4529491897356417 7.475083823304349 -9.21064883723194 -8.329037037133943 -4.075670898622017 4.487370266789547 1
1 14 1252.7914037260937 133.79471281205517 -47.38125752275815 -51.56287525032353 29.555622918780458 1.6316831298806178 -8.483348975998629 25.83105982651676 -17.620598742726084 -5.91407316418603 -3.8240749498276165 -0.570532423321262 0.893262743873529 1
1 15 1143.1986736296092 129.78503384504097 34.512226072794206 -76.25441063271772 6.708650229954456 40.484050041083506 -25.72314176782181 -2.8664977321477947 12.827864479237627 -18.8335358425989 2.415614937784984 -4.2703321834924095 18.845618229447208 1
2 1 1174.3434897103748 83.16072747241925 124.40561881113625 16.710955370113446 -64.11497970338378 2.43243979691251 -10.224920454939818 -33.26040447264478 0.32085330389115857 1.6755745631781132 -4.632366778525207 11.122696359505548 -11.50951810537061 1
2 2 1206.0126626442907 74.22129536175078 157.92010986892763 1.760404524063406 -55.71579056317315 -19.539071367107418 -16.458782358482814 -18.333964444675413 13.063381996069921 -4.6210512680095555 -13.12898262212477 16.14117266565345 -4.728150844625448 1
2 3 962.0105625978192 188.6666460193091 138.45033408030832 0.9579589941772042 -62.85457922325219 -21.158448397542173 5.776841993990395 -17.29664140532213 -6.668403829925468 -3.015733562988751 -15.707784585431185 13.712422263048309 -10.491346153537199 1
2 5 1160.3614257328736 105.9534759825067 169.08579063652508 -7.195439010424782 -66.3491093063972 1.4563942018876272 -6.092640542949032 -12.385638453409834 -11.233241932960233 4.9956114046873505 -19.14438802678816 28.455694091486567 -18.408058381162363 1
2 6 1035.7388648799001 171.06405611574434 176.8713355283042 -58.78269362234324 -38.46406063222373 -31.22887986865887 -0.5010785099418451 3.186314053130215 -14.352194416221506 18.601976749333044 -18.588311406268588 7.664780320853156 -5.250757402655179 1
2 7 942.5959161584173 129.53014557121853 201.87318531423654 -44.00203027339803 -17.765796574483915 -24.5956282168403 -28.274582382940572 -41.776912269931294 0.6691441666003464 0.39195396600142995 -3.017981757111377 10.931364137901356 -14.446450622705067 1
2 9 1168.708232798659 97.83786807815737 154.5954534122051 2.8638893401737984 -57.26101584523624 -17.932652266181563 -18.75907050522843 -40.87032731911191 9.985636471605686 3.2660388350309733 -20.89180559510397 12.12774201010178 -14.742866980105727 1
2 13 1088.0205533793467 101.13793815165045 170.53231984491316 -42.630090376008575 -36.00920792359336 -35.68979412174776 -19.26088369096669 8.33319965151371 2.535993241379627 12.330306376825256 -3.575071929835613 7.398473490959381 -9.196851553118872 1
2 14 1149.1243286258161 45.790741023938416 142.77401674669062 18.106115359240704 -57.1004587169244 -49.597151542427845 3.062140750960397 -16.05663752084106 -2.0562202376938243 24.121987070727634 -28.930171871116908 12.597916244080636 0.42713281983217966 1
2 15 1014.2632734916964 98.1217325299031 181.02128947646426 -52.62170764574215 -21.706779577885726 -34.457577511328765 -13.803983899877588 -16.362972371058348 3.481743989498478 11.782876261555277 4.450429321333335 2.7240884708577426 -12.345599090171747 1
3 1 1097.1764496911212 206.20963309945577 74.3321564158607 -84.69538334421486 -34.76007252073878 27.20032606373921 -3.3748278406947505 2.7519472489206596 -41.154396035990395 10.112351635644938 6.713718034938717 -1.1916512608504344 1.5592348114272132 1
3 2 843.9725583989282 217.01903940997462 71.2110762266529 -57.0714429063541 -35.610502898491085 2.4716903969036275 1.2278158091206217 -2.8442680124186004 -11.795210441594357 -4.32023043793155 -4.0303284043646235 -0.01344388166266112 7.728944963995734 1
3 3 966.5980275450305 262.2635325736069 53.510301661202845 -89.7192058229416 -43.39232372607657 -10.057295537463741 -16.204280071631608 4.608855770597743 -11.224776768778451 -9.414067633820629 3.2416125666366393 -8.2088009256921 -6.794015360414462 1
3 5 1089.2343031174476 194.22778415477393 84.04215966420306 -73.65253750487676 -59.692998807673504 13.80332002263861 -31.057728857915446 18.252268552337334 -23.60012246478861 -5.671296576503401 11.579601366477814 -4.047611623287042 -18.08182441737273 1
3 6 882.8706009035142 225.55026248903295 107.99470935407835 -35.78640299072569 -22.09368681428128 -8.827961231208562 18.95659628868331 9.362641259128612 -1.0024681592142297 4.344949350460765 8.344265683911383 -29.2577819738423 -21.533164242152722 1
3 9 1151.3796992858784 204.12345809502887 47.8046999420237 -59.900249504533726 -33.77953215889503 -14.192252709403611 -12.702437561213731 -11.738407538978343 -18.38569846978747 0.6929909615574528 2.026448061669311 8.090862175545729 -5.205222362438334 1
3 13 994.6744973052832 207.64454529527066 119.7757925479416 -54.225673549943025 -30.583497600842264 -3.9913687152358674 -32.65351088559629 -2.488429537053906 -14.990758478895609 8.43650355284387 26.281038144806335 -4.733480274435761 -18.405788510648385 1
3 14 1101.9150095064479 169.79164198802874 87.23273297338784 -38.27662782573819 -11.415868336158848 -9.26904973770624 -15.92457748799599 -23.396940565523114 -27.162093073149247 1.8114249026171296 0.9419745207121496 -0.0024568431228714997 -4.767321952392055 1
3 15 997.5387185745386 194.534487193097 120.40507353067383 -80.90658838358867 -36.04702285785268 -34.15424427558563 -16.76489876231719 -9.09331865145316 4.011196739341305 24.158839563768137 10.263064133897567 -6.624253954187141 -6.012463444201814 1
4 1 1164.5619717500144 97.11236332890238 63.57496679718563 18.21902185710455 -113.68975969973016 10.126228359986897 18.43485221435424 -16.34717665502693 26.564799476793816 -9.434516037031988 -12.927152762495286 7.584075686871228 -10.839497850352735 1
4 2 1205.2418444017947 98.34674463442924 46.02266003835407 16.42957052321428 -82.95621574570059 -2.7232699980302058 -2.971403088517399 22.989329012702452 9.610877072464445 -6.2773027217271995 -16.186014654767714 -4.700213844089471 -4.9102199367408295 1
4 3 965.8960642245078 227.7763784593623 64.80152316070176 -91.11011813931798 -80.26769584604438 -23.443181140391566 6.504300643219074 -2.6173523415682385 -0.4300611997593891 10.935497810337838 -13.98191034699575 7.506149497347818 -8.80083333657918 1
4 5 1249.6804918159635 81.4810650894288 96.95319709058205 -21.952393578213652 -79.63525268308024 -3.5989235296500834 16.235556507923828 -14.309165834268107 7.72186243666554 17.20421095150687 -8.131066386676329 -15.484056388320301 7.567704991830227 1
4 6 1021.1486295549198 198.83752766482078 135.23209774566138 -29.082449330038294 -68.57729006497391 -6.209338685144129 -3.0090620724637467 -19.971351070635247 18.53350248340939 1.8924553029479736 -1.7247300329685515 -2.425397960010172 -6.672489771697337 1
4 7 1037.1763537788659 150.43074390612068 141.08167094431664 -37.05924508117931 -55.4459094953406 -43.10296786592447 42.33209938726208 -18.723186183406376 15.661832949783117 7.714349026755222 -8.191985157174575 -5.89947897191685 -1.8345559491522105 1
4 9 1253.4722570060064 72.82590166377258 98.22500559279209 -39.05466354328808 -89.27628808324387 19.70688047943222 -5.961095037544369 -15.675143661601282 20.16758556359255 -4.729945831768269 -9.358492704704188 7.706129320763069 -4.978372083195535 1
4 13 1232.4863157395816 59.7385254346108 154.68645495342108 -6.177490729437251 -54.88505016735273 -33.1946497530237 -3.941110476894749 -11.063841485290771 5.765409852231653 11.397222933339247 -6.865685845696942 -1.9541287268596914 0.5869125930616501 1
4 14 1202.8241628254061 63.14165534502349 79.41764780215591 23.47002850527104 -74.73931107520605 -18.969651647129485 35.266114215460526 -14.16016707348055 -4.154914771934535 2.829777385316185 -20.81980594259131 -2.702791874427701 11.842154899364983 1
4 15 1165.8954352400758 103.1197561619229 129.2104300032492 -62.10895064557972 -67.45877290967341 -37.83989345768652 12.342271435077183 -5.765693107533345 35.94901190642862 -0.5891016108675133 -3.063038525720534 3.985869282461214 -1.6297828170237743 1
5 1 1101.5981111460312 183.47268348488424 35.399095789070756 -94.7829234468087 -40.70020959960328 24.027682963717997 -0.4168195391508287 28.01598622714335 -32.90216999899912 12.633339054598258 5.756372661181455 2.342212873149773 -22.55741985289469 1
5 2 1076.779731499199 210.19290681019126 44.32699482431477 -83.84711915841865 -34.50203842494191 9.411481369793298 11.390384494224994 13.388522981246917 -37.341682255274435 13.317537776039137 10.121050489419032 -11.484559600458528 -20.58714156444335 1
5 3 970.2947580795803 270.1410564674305 25.097661313732438 -100.02879600268801 -35.10234655578036 -7.958215096819826 10.28046488891676 2.4590222960475288 -7.059141887446224 4.9608290196521265 21.608995357341925 -9.332217715980233 -9.164602646637196 1
5 5 1178.600996409253 172.1976807745735 69.8655564284288 -77.69914088714553 -48.35277036096619 29.905222556808077 -19.491575945208194 7.591795490802158 -6.935227631568732 11.093693984705745 7.733680960856462 -23.00174161325153 5.234232904750204 1
5 6 960.7559886817262 275.54504465779763 102.38144599321568 -80.2266537034739 -33.909541778669244 -3.6791846772245833 1.9423359082886071 11.086181427920248 6.777134770731752 12.755709864226551 2.2541620548434516 -14.466838099169117 -11.600163316630763 1
5 7 916.3691278755991 231.66872354614318 114.7101547292119 -103.54185345788616 -25.01045002179363 -11.88196082382671 4.454994259318058 14.716823427580627 -8.361936913855907 -7.16579244770822 1.21760319219164 -4.4840138920752315 -9.914934941654423 1
5 9 1127.2624562775143 160.38953895378913 65.85229809510801 -120.03814614590817 -19.012684459027373 34.41364634974967 -26.58241325539008 6.983377461546448 -16.543033735565785 24.047133337543777 -16.545949228885725 -6.632427633669654 8.779131908122137 1
5 14 1160.2475073458304 156.73596004439895 48.42665643439295 -90.81467754150388 -16.92182461803975 15.194460461816433 -22.527446464226426 -8.471795599492708 -9.601387959464594 15.590461153890484 -3.7176533360254074 -24.44994822523689 -3.1056261339883844 1
5 15 1123.8023437845243 192.56987828101535 93.48635070644035 -120.146857903125 -37.261032871795244 -6.450922459046277 -3.583248841926009 -15.480580391350914 -4.339257552077643 27.07638506954953 -13.004127554631976 -5.267638669200477 -0.6764803251876546 1
6 1 1230.8051075734713 133.03426645636713 2.1358078746405633 -12.313108606716854 4.912189630137421 34.51637293033896 -51.82360514937112 4.402918995950317 -24.33428641883617 -0.46563165224553515 10.476291491215571 -4.683716620844317 -4.5521237937687715 1
6 3 1074.434853079448 238.28477697527907 62.093566624929544 -27.432181871365025 -48.39687690988592 27.075708743241595 -19.04391786152471 -14.290063952491675 -9.610895002447418 0.8877631717032541 17.26883444789269 -5.803566668032485 3.1542368971515957 1
6 5 1169.841739225998 141.14749448470855 55.29562595919749 13.444603885433828 -55.68472599077148 58.8336204417367 -35.479182721407795 9.649993258198556 -9.858052191367326 16.795969537504863 4.177412245147797 2.986438876237972 -1.1899566401985977 1
6 6 1028.6880045467924 262.52233260767866 50.85725230886834 -50.112617373786506 -35.627879000175426 28.14261354505883 19.535758304250837 6.254767524333826 -21.07737371852249 0.25340284495174514 -12.945902960936753 4.819899782499598 -9.767885229945296 1
6 7 1072.5409420912936 169.76126253780245 107.65082443347445 -12.13626249683269 0.28253554809236914 7.166301048200212 -54.7472448703547 2.175840600311953 29.298330298529613 -19.865240266327156 11.879147881740998 -6.349696303859778 -2.682925032537412 1
6 9 1227.2789635156653 122.07786582908629 71.38143000283782 -45.91428224408516 -20.12322516881975 66.65170815231596 -42.7729170805355 -4.1968393997901785 -31.12561490826202 -8.881115644030231 1.3853542927571636 6.411453057905591 14.300700289725969 1
6 13 1312.9520364117805 80.09732571400957 36.53700349429747 12.13517029449517 17.367680083818634 6.780006145785698 -52.67250817885042 2.972896123997292 -20.769912363705636 -10.445915693950466 -2.8599884177396317 -2.5521562027456963 -7.7744914879342035 1
6 14 1263.3478719263721 57.45125652360009 101.96736149946969 -4.6350780141645584 -37.5848912246883 25.972441792231216 -20.433411961691917 11.789728610621614 -33.658934482821564 -0.681015017761981 22.673606216088615 -1.378303797417185 -9.838272210982515 1
6 15 1150.7227988088548 153.6521430195158 91.2743875745358 -80.74484203041757 3.6960322512158617 12.62315409395885 -16.92284372608342 -23.944238240517553 -1.830583524896264 -19.916951930484924 18.145617478094714 14.044222870517071 4.365432914197919 1
