1 1 2.6611e-005 0.00333 0.293 0.033370000000000004 1.317 18.394 0.035379 687.3416953238425 1289.0465795139476 2221.876295372571 2705.621349051451 18.598106947425798 36.12661215504316 123.4941129351901 139.05367339023215 12.184623829715584 19.4911498151399 18.84668380828028 21.667850906244887 79.41209647717115 0.8577277888947618 1
1 2 3.5843e-005 0.00359 0.396 0.04533 1.337 12.461 0.081963 597.0395125603031 1152.860626391387 2180.0249925600383 2653.910172061924 9.296407532556714 21.811428743316608 79.34004205433247 64.8976178412364 14.027547295965768 21.793614444657305 19.208495380975204 22.09004683623184 81.28060120643498 0.6576782296426619 1
1 3 3.3992e-005 0.00385 0.543 0.06093 1.297 18.276 0.046168 487.5130174485141 690.8962988595035 2095.1102367588833 3202.9010174905075 55.51872067556943 19.60369562461685 155.66599666848376 75.31094329928361 17.179028457192896 36.36580488486488 19.987015129466528 18.30371893475904 84.14123128920652 0.739062968339155 1
1 5 6.5531e-005 0.00755 0.36 0.04009000000000001 1.778 19.872 0.035658 551.0695509215885 1076.3993216272554 2010.128731971997 2409.117123997622 10.658537619450945 24.8105189794242 76.2939517062776 140.37579687005123 15.197718665446052 23.34170924784408 20.831999132174666 24.334640859104145 80.56829774680473 0.5041122883886671 1
1 7 2.9135e-005 0.00297 0.296 0.03453 0.528 23.794 0.004428 381.24895960782953 934.876810456707 2417.386780953418 3182.5282137721597 19.59056359952667 41.32159319580108 32.24279326655366 41.67895877573404 21.967273061190557 26.875198656094497 17.32242449984958 18.420889325129803 78.77525847755642 0.27030821227998086 1
1 9 3.7342e-005 0.00441 0.453 0.05289 2.337 17.735 0.02633 706.510604276258 1012.9862848692301 2251.598424441383 2984.606306159145 49.17159216320069 40.44939680671301 99.21121682652908 112.81782716736032 11.854032974606604 24.802902443287742 18.597898961662803 19.642456654674778 79.57768097033433 1.3251545726611496 1
1 14 1.9205e-005 0.0022 0.286 0.03275 0.795 21.811 0.007461 642.3636557434663 1141.6459618018002 2277.8767127857504 2914.483509876044 8.822065525060239 17.146027887286124 98.31747923508883 70.17436200029837 13.037786190295659 22.007698393945635 18.383347862926517 20.11505633891659 82.95129641742537 0.5489306616719928 1
1 15 2.4538e-005 0.00272 0.286 0.03284 0.774 21.78 0.007316 601.6566310951326 853.0934112926115 2474.162962412318 3285.86903209614 18.079650453171414 41.09669549085047 28.34469798977128 93.39129701177309 13.919899768670152 29.451639958079706 16.92491587505284 17.84155102572716 80.56002139777004 0.2498897758743731 1
2 1 2.5945e-005 0.0032300000000000002 0.289 0.03367 1.999 23.624 0.005103 282.78729264155 1789.3649796650477 2239.9877724966236 3126.3273706771747 5.327594378163959 214.33524516730546 226.86541052084704 26.540084867890894 29.61589936297392 14.041294138160211 18.69429847526684 18.75203491159072 82.88976182550479 0.7790895910068753 1
2 2 3.0537e-005 0.00314 0.438 0.049550000000000004 1.231 19.115 0.014207 286.5840840528762 2127.0618736295164 2458.1655608250385 3073.073305443176 6.604088696503109 37.608185837152625 95.86949397203273 19.768028000083124 29.223534962446728 11.812068239053104 17.035060887414524 19.076993671501608 84.53412181195169 0.28773817619017034 1
2 3 4.6881e-005 0.005450000000000001 0.583 0.06408 4.497 19.345 0.015389 335.8111102507993 2080.311243282178 3135.123574296315 3735.0819512333383 14.863590462155303 296.9227156041428 166.41018307575337 107.07856755846345 24.939615588493073 12.077519689005491 13.356730287545023 15.695773416870225 83.71289326099927 1.0699477532097117 1
2 5 4.3718e-005 0.00509 0.464 0.05306 3.602 21.072 0.022648 298.39141805823175 1882.0179278866287 2143.982819412335 2979.7428949699975 18.557336193430253 203.7519476808644 117.14223534641941 55.222568540544216 28.067161094980285 13.35003223280321 19.53140651167994 19.674516247345657 84.57886362563303 0.47083516696257643 1
2 6 8.3147e-005 0.01001 0.563 0.06456 2.497 18.637 0.016771 307.60828288860404 1276.249661700693 2732.8671677269567 3165.366784075295 46.420181171737 965.7930269065303 220.9385472658464 230.99141434139756 27.22618494324773 19.686587000947103 15.322735219081007 18.52076046761394 82.80377889700951 0.7695750576751792 1
2 7 3.3662e-005 0.0035299999999999997 0.327 0.03752 0.985 23.437 0.005106 287.63904157519966 1487.625243430997 2814.1862374726725 3309.6404199614967 12.633945097047308 375.0342661138461 110.13946363888356 59.51614227689915 29.11635344818259 16.889334266775915 14.879967587932827 17.713404648557567 81.69690147592655 0.7644702787998472 1
2 9 4.2414e-005 0.0051400000000000005 0.654 0.07452 1.377 18.86 0.015541 309.206501296501 1926.4332918669716 2293.9206829532877 3107.0294519157014 20.679612081222402 317.8666590798973 164.9645287844115 34.1366800733387 27.08545895666383 13.042237229844856 18.254772412657445 18.86850475905646 85.52454957156076 0.6242775826706055 1
2 13 2.7344e-005 0.00309 0.394 0.04491 1.189 19.15 0.013397 304.3550077833576 1711.7609110228052 2804.0551770784678 3042.3807403536825 11.719906850966586 360.14972345065803 59.6734447286379 69.9610040016525 27.517207819236518 14.677867591325825 14.933728958796515 19.26944883078136 83.52961456454727 1.2829567931489434 1
2 14 2.3308e-005 0.0028899999999999998 0.55 0.05928 1.357 18.616 0.023405 292.7742631348544 1854.9219957367304 2723.1497386150604 3133.6247702777537 21.637674873127384 23.777381351382143 57.11395058570981 72.12492294058157 28.60565648880961 13.54504397367985 15.377413664111174 18.708366284328193 81.64132066293669 0.7714104862988269 1
2 15 1.9406e-005 0.00221 0.359 0.04156 0.797 19.957 0.011497 319.39954011161984 1788.5509090034018 2839.134181474395 3342.3153699273043 4.942108918954968 144.71896435485436 27.517839324991776 23.635873785690354 26.221077203408644 14.047685125160848 14.74921483924153 17.540235887816625 82.13701845573988 0.4842859771907038 1
3 1 4.468e-005 0.00553 0.429 0.04853 6.978 21.367 0.008651 343.6635911371971 675.4583438454297 2267.189546142943 2999.977993849087 24.07477924062877 177.00160953638556 177.2521571724321 137.3376732467096 24.369762220917195 37.19696444485635 18.470004006166956 19.54181001334009 83.21442766736125 0.6523007230374452 1
3 2 4.9908e-005 0.00561 0.391 0.04322 1.143 20.027 0.011768 344.80704698779584 572.4232324254074 2321.630793933685 3057.047444554141 27.583851634096494 37.49599713732595 69.87321397941639 90.54413409355128 24.288946740396597 43.892348487574786 18.036890322706547 19.177000378072393 81.35968507872485 3.0692169366011877 1
3 3 6.0474e-005 0.00787 0.685 0.08082 4.499 18.466 0.036534 354.59704916165515 702.4693519067535 2390.515534840952 3033.0830842672426 15.599921668014368 22.923282056693196 113.53457410535597 77.04488459848115 23.618357850975716 35.76668495472685 17.51714196778314 19.32851767368025 84.27205877840609 0.5749382673810548 1
3 5 3.6299e-005 0.00443 0.312 0.03681 4.654 24.955 0.004151 360.5045783484279 692.6401878271154 2384.8262035487332 3044.411763431165 6.666784821986324 45.8590302536667 36.25626504433805 95.24583747342172 23.231327708425265 36.27424518756232 17.558931522006944 19.256593573901924 84.35751596633256 1.294098929319555 1
3 6 8.3645e-005 0.00967 1.026 0.11228 4.744 14.184 0.051922 328.3077316764999 563.7076690932444 2447.541198909395 3294.093450347311 16.727066298723372 91.8858544836975 119.15216343140231 67.28429596031113 25.50960331404062 44.57097424346733 17.1090072022727 17.797005726664768 83.09111425440531 1.4016595564197512 1
3 9 2.4759e-005 0.00305 0.234 0.02723 0.981 25.171 0.003438 334.3434345199849 681.5229543567161 2475.2648767686237 3134.615096530605 9.800602551104594 16.222974160423828 92.65494420718629 57.748380123009994 25.049093642361914 36.86596297217205 16.917381405527163 18.702455706567036 85.27835228811674 1.210922192781397 1
3 13 3.272e-005 0.00369 0.337 0.038900000000000004 1.072 23.556 0.006438 311.138674254881 581.9350768806784 2482.4593949819637 3138.1159101246553 35.594419261412355 121.96973634048577 26.508605260415003 24.543672339545683 26.917258100609192 43.1749193306519 16.868352443003097 18.681591655316275 84.24192079726957 0.5768822901442492 1
3 14 4.48e-005 0.005600000000000001 0.405 0.046509999999999996 0.662 21.276 0.013935 280.6630901511543 911.054391710385 2521.759938554299 3087.8245410306704 8.015040879529197 68.11471550761728 98.2418245149348 93.37407911182545 29.840047708052914 27.577936321486924 16.605466428341526 18.985858561909037 84.93010116963296 0.34918314904895764 1
3 15 2.0018e-005 0.00236 0.198 0.02298 0.726 29.213 0.001394 348.7969924614295 714.0575524591818 2685.3161041199473 3217.4077656533727 1.9655348983089014 45.824990540065315 71.92638159252877 29.75844580303158 24.011101531863467 35.18623941931661 15.594067281596109 18.22119055776406 85.32768980948649 0.5600047440236341 1
4 1 3.3615e-005 0.0043 0.408 0.047420000000000004 1.577 19.906 0.015213 419.67302573846774 1528.4000484485418 2138.900955577291 2854.5517128836163 20.740273857880492 601.6454206754532 145.67066507199706 164.3983870702711 19.956012148417518 16.438758965955312 19.57781162835467 20.53737535578856 81.42875411373288 1.243312693993685 1
4 2 3.1845e-005 0.00358 0.423 0.048049999999999995 1.816 19.583 0.017898 438.6514082333515 1857.3710911980722 2162.409449825389 2797.6864776875195 5.744162750570849 100.54688840251748 92.00336860642133 51.31328275772122 19.092609399636785 13.527183727078178 19.364972717531057 20.95481408211888 84.74824843494619 0.6185459282407584 1
4 3 4.1017e-005 0.005180000000000001 0.511 0.056929999999999994 2.863 21.312 0.011414 460.2334979186939 1711.2344056381692 2784.283657929107 3619.7265740676344 59.61716107778104 525.3606913547116 328.72263261264874 235.20084459108898 18.197284721503586 14.682383615721047 15.03977508927584 16.195974695989452 85.78598665840542 0.8634330372536014 1
4 5 6.286e-005 0.00735 0.513 0.05704 4.947 18.653 0.019064 407.516989726396 1852.3615070614073 2197.8658722337896 2667.5921064855634 15.726996291375631 123.78614221394152 179.64566787051342 162.18314199349956 20.551290402942257 13.563767063945518 19.05257301140063 21.97674819080039 80.57012907362874 1.8025498837371396 1
4 6 5.0393e-005 0.00584 0.504 0.057 2.007 19.278 0.01373 340.70691978659465 800.1643815367844 2461.539739281408 3229.469841702475 76.580482848465 692.3391888233846 289.5973679677457 254.53500941490898 24.581244212021783 31.399798066173954 17.011709919509354 18.153134376103893 83.2054149048529 1.0748520046969199 1
4 7 3.1953e-005 0.00348 0.443 0.051250000000000004 0.924 22.3 0.006542 388.0316634173579 1731.7488069919434 2485.7645694748476 3441.3667187469255 4.199267276068308 80.86462288345042 111.80533283364474 35.349133129104835 21.58329020431522 14.508455209299237 16.845923589958755 17.03538297172427 82.7636212451921 0.36070969099871475 1
4 9 2.1458e-005 0.00263 0.256 0.029169999999999998 1.106 22.438 0.006469 403.83819011598825 1911.796428324873 2262.558752738739 2905.1483139708357 9.540454073443742 167.49574546117037 216.330406839372 67.59350676619096 20.73850419544169 13.142089621966011 18.507806680958872 20.17969262294556 84.65336296569012 0.4093571854859423 1
4 13 2.1857e-005 0.00251 0.371 0.04213 0.47 23.152 0.005515 345.9174364241495 1443.6517208330936 2410.567483814321 3051.7261295663866 11.797649894508401 388.1180794591522 137.0711127345544 112.3981500029571 24.21097960997527 17.403782115468278 17.371428213965533 19.210439440163626 85.0794686593086 0.84335101571777 1
4 14 2.8274e-005 0.00358 0.426 0.046950000000000006 0.879 19.531 0.013052 411.55095283903745 1803.0172208173888 2418.2766943430115 3078.1047691560625 10.913741639591443 12.57858935784295 54.12624913526538 55.81016090447954 20.349849616981846 13.934975057315153 17.316049936699425 19.04581045695643 81.04767837654477 0.985359959546878 1
4 15 3.5366e-005 0.00404 0.308 0.035480000000000005 1.744 23.203 0.005933 404.1484605847593 1717.6449067932158 2435.7902668287998 3317.679075704812 8.929315702168548 99.31279658119055 48.55238956612198 36.289911239644496 20.722582953507423 14.627586819971722 17.191545828170927 17.670485499730148 85.82004788507773 0.4264255174031283 1
5 1 3.0849e-005 0.00395 0.284 0.03351 2.093 23.405 0.007587 419.3755968504708 736.0731628143759 2643.3319282078196 2889.881573185159 17.542157349798362 13.350723531231026 55.067763539623705 101.3170971389 19.97016531933813 34.133835152927674 15.84174864803728 20.286298422736028 83.41570898600739 0.571847249568688 1
5 2 2.5543e-005 0.0028299999999999996 0.33 0.03694 0.899 21.923 0.023965 439.0104997855681 755.3390982804208 2430.1149767177567 2995.927351356315 33.334534537587224 110.34579920258658 236.6790477810267 87.99339305292683 19.07699247305182 33.26320596563678 17.231694961428786 19.568231510506862 84.21824275869665 0.6574694793273409 1
5 3 2.8928e-005 0.00347 0.678 0.07973 0.781 18.989 0.016628 430.10750235216307 616.0126647586482 2457.863324267027 3153.424561441086 13.142076965209954 36.02354828331205 111.8260461840679 76.0831927430963 19.471876110504866 40.786499105247934 17.03715564106388 18.590899784584956 85.02471794519911 0.7688445005688404 1
5 5 3.0185e-005 0.00369 0.282 0.03263 3.772 25.219 0.003837 419.8000358527347 699.1259941650637 2378.0301862174606 2873.2986095679394 12.222242951086587 29.877490192001204 55.83099516063187 139.74418131821105 19.94997447531886 35.93772826313762 17.609112046894225 20.4033788220903 84.15565249876367 0.651653020724936 1
5 6 4.3256e-005 0.0051600000000000005 0.613 0.06633 5.813 17.462 0.062494 355.99011976262517 579.3657935935684 2398.035963192411 3213.3951860458023 28.546538961161755 42.42707756761381 86.88685798272087 68.5524348769044 23.52593382531084 43.366384895041755 17.462206840406786 18.243943432348313 81.871516441426 2.378732326712597 1
5 7 4.5393e-005 0.0049 0.437 0.050800000000000005 2.015 21.514 0.00833 396.5018707347122 503.79791149163987 2720.4426208403615 3243.136168671246 28.127345837021505 69.7046997824669 56.76165478633224 37.64683892657942 21.122220645469458 49.87118728938385 15.392715758535115 18.07663846073395 80.92857011919703 0.7812429402878175 1
5 9 2.3909e-005 0.00298 0.282 0.032330000000000005 1.989 23.807 0.004961 401.3317763845922 739.8324641371962 2665.476188655257 3096.776667631529 10.660425895023987 17.286824197151216 25.40386319629933 54.494521927288076 20.86802115557957 33.96039132900332 15.710138465399723 18.93097445894846 83.61308216267615 0.9013242316238926 1
5 14 2.6013e-005 0.0033000000000000004 0.378 0.041890000000000004 1.163 21.405 0.009143 428.8559976290004 843.4396827245296 2635.546323047475 3135.950929989244 7.382899736514378 30.300975160150387 25.99274177779004 47.84817143606388 19.52869971809311 29.788733580615645 15.888546383650752 18.69448894731305 85.33073056367206 0.6984586511175936 1
5 15 2.5816e-005 0.003 0.213 0.024700000000000003 0.934 26.898 0.0023 408.9831926128462 672.0422771027353 2663.3203717545684 3184.952241052862 4.950376200392821 25.876606741583306 54.40596550634778 30.426706620595763 20.477614120265294 37.38604081326142 15.72285499112267 18.40686941686137 87.77717670128736 0.3383064808999344 1
6 1 4.8797e-005 0.00598 0.339 0.03959 3.023 21.245 0.018869 354.5725068766767 1129.2216754439305 2373.0099818737067 2897.1331814346754 218.42884481973803 556.5267387394429 194.39643300855565 263.2337508161509 23.619992632178036 22.249838580297016 17.646364878303583 20.235521230324867 83.23719990150252 1.022189611664074 1
6 3 9.5886e-005 0.011510000000000001 1.458 0.15918 1.625 11.374 0.119409 319.96993816175006 707.0082151003941 2307.204137832373 3079.9871214487757 34.31734860969098 45.273546346356945 106.64517990725504 69.05867981050864 26.17433390185018 35.53706939095791 18.14967272004883 19.034170497577847 81.77799135084229 2.267680519507265 1
6 5 4.7574e-005 0.0054600000000000004 0.306 0.03541 1.026 22.737 0.00628 405.8337119145447 1023.3969360592192 2313.2044520375075 2799.666929059225 95.7192917654747 618.3420533234183 178.15485944909682 289.65907715261125 20.63653105724125 24.550591383191453 18.102593552902697 20.93999089373814 83.11607553365234 0.5051274030690853 1
6 6 5.4099e-005 0.00625 0.717 0.07984000000000001 3.57 16.904 0.028205 331.1333928349754 712.7471259632342 2212.2393242273106 3127.0398917949788 74.30012842310919 520.5631263769617 318.1591458795658 234.1377170524005 25.29192217159986 35.25093133984244 18.928783853268712 18.7477621100472 83.95539036463677 1.3853660009793516 1
6 7 2.8007e-005 0.00303 0.305 0.03537 0.962 24.456 0.003904 293.28101445118284 962.4857586962389 2479.030706020634 3281.594511189076 15.052990660602775 229.49933739613795 36.91628776340964 69.16769260182495 28.55622964777365 26.104282347027915 16.891682663833635 17.864790972836374 85.36732579682453 0.3083857016693702 1
6 9 3.2583e-005 0.004079999999999999 0.317 0.03674 0.611 21.847 0.008068 565.9167384430941 2003.5471102342553 2766.949191087726 3404.3689910153134 173.4642884372224 817.493965476883 195.72442100473876 374.9895315111892 14.798996797727957 12.540259159198097 15.13399672638671 17.220518737751686 83.43908518823115 0.37217225214288224 1
6 13 2.8887e-005 0.00307 0.551 0.06479 0.866 20.169 0.011338 307.4201307743228 1189.5285134752794 2306.5302334652 2825.809514846612 34.597707801503105 37.7224002758484 48.98633024065214 88.95575348700369 27.242848342121388 21.121813992163833 18.15497555264618 20.746267464947024 84.46518062698576 0.6408414565153013 1
6 14 3.8152e-005 0.00484 0.385 0.04387 2.197 18.871 0.032588 307.6858853794019 1646.2882489419899 2485.1599967907805 2845.7592250705543 18.116658872415787 163.63551527878215 28.985461943303694 73.60236057568103 27.219318135678986 15.261604409888081 16.850021750742574 20.60082929136302 85.72873730210813 0.8491251842431524 1
6 15 3.8305e-005 0.00451 0.267 0.03102 1.118 22.922 0.006358 316.4723601097145 1060.4928497483052 2812.1699757869033 3387.151254022074 162.34676250142203 794.2359091508309 235.1353549696204 87.0793713277211 26.463606480820502 23.691814618045854 14.890636185062927 17.30805494156357 84.14838668222409 0.6556890318349764 1
