1 1 1187.636959720212 84.63608051544476 -158.77329982255054 13.047800623976743 4.052067619252556 -24.583630386597623 -0.8330510380867617 -49.03855485968789 -17.81643944102657 -12.540532656116428 0.4451438489282335 3.973805887084018 0.7121374294698797 1
1 3 1184.7250054480685 181.67252906093748 -75.5568063395478 -19.876206123114894 -34.39259268100726 -5.50062527654283 5.253015060244765 -40.243628696496444 -46.21262771123041 2.391879896251762 -41.80660160551191 0.011360172235002007 7.234633687535183 1
1 5 1057.274997381695 148.9974525980747 -84.9795407838984 -80.6205685238532 -21.351050739957824 8.060434026215328 -12.439508073799331 -24.479185795490658 -56.16259322150176 -6.566001943891899 -1.751274311331425 -8.591804428942414 -5.041863960629763 1
1 7 1113.7121501461545 204.17109678144277 -49.20531279163495 -56.51924869578167 26.22020822165218 -23.441628205653526 -4.06492734000633 -58.28454405105814 -31.763650324449205 -7.110803329119194 -33.226920333903756 -3.589760875404097 8.35512906629319 1
1 14 1244.226303194218 96.68397730130256 -107.03884490479373 24.72433608479813 19.351534317902264 -7.309085516036198 -38.83921695110652 -31.05693837181513 -27.55826457863677 2.4963917551551784 -14.897908160444855 -10.685380158956985 -7.878775280688423 1
1 21 1221.1972132742528 107.47305520863667 -73.06978903490575 60.47861991882958 3.5335899549434187 -31.268058090545377 -32.215735722718776 -14.890617479223538 -16.65676724596566 -2.8530376270796465 -34.14321235409101 -7.356973572313564 -3.093487805973156 1
2 1 1105.3549512444526 59.37856702866791 80.74557192352646 -64.28540986150111 -105.44298121136514 19.62466373455006 -36.6092110286284 11.895014363679355 -28.018225201776776 -7.4913321425533805 -26.067129763376062 -23.976890558531615 1.347235738435127 1
2 3 1017.6823066909513 162.90478120950178 103.49092909541241 -87.52582886325762 -69.01944010485184 -38.38607724344062 -52.6211337335855 -18.220610895901757 -50.189850281062846 -10.127626438983638 -24.91551694879023 -5.87954218973968 -8.962102603648203 1
2 5 1014.728210911951 219.5635457770293 79.90015748338705 -66.04514263499935 -63.217579868360566 -21.50128468401802 -36.28658795912877 1.3232147712703284 -53.515416831644835 -17.856425754830774 -22.42939141069084 -2.1114856990554163 -5.070709570204618 1
2 6 935.2342584522296 279.9445724411483 71.30706156455754 -67.49707383484551 -67.21415645655703 -48.15859858968004 -24.724210254699862 -8.867924675041076 -2.0211952139491847 -24.26977192789568 -50.007117743722766 -16.412087482761848 -4.18286677673234 1
2 7 986.1049137599367 214.53277936292272 96.11693336355289 -93.62715031771957 -36.19510957549986 -49.58695841582237 -36.633928740670505 11.152897698384933 -16.875272676525107 -29.720320821283266 -23.948701028025432 -14.127820125228261 -16.393079924728912 1
2 14 1038.976103151034 144.55624140908822 130.05637527607678 -117.91486979982405 -57.70710826746533 -24.355112089568827 -22.4738586044099 1.1084866983450519 -18.01842336519068 6.435871671439971 -35.60520968480382 -10.545653194788818 -23.861866854589625 1
2 21 1158.700246309885 110.57995033142642 92.69817544090128 -62.7902379834056 -22.00954264114063 -82.59811810499149 -34.584715596501674 -23.075576712947953 -31.090739875754185 -11.180239203411455 -43.420846817063605 4.1635195987211855 -3.7997686140613096 1
3 1 1110.30205896095 129.3379967053457 -37.570769304354556 -98.48619385566523 -35.87797502063614 -37.56376775055607 -27.14930654846 18.10569753850889 -40.75622776767914 -11.391189997975346 -36.166105614627256 6.444311851788345 -15.883414255455515 1
3 3 963.5680219165931 245.47922817949393 -39.46988143312085 -137.08821853337915 1.6773342098017854 -4.045925744974679 -56.42677722812017 -74.77880067120182 -29.49678933717512 -17.806826808747974 -1.2613417618917084 -19.730768877095414 -12.772217462837558 1
3 5 960.9912886421267 280.8802568580557 10.51855508856215 -149.80446520803102 -27.48018758239643 -1.2117078374707686 -29.856573759442327 -18.443046594200386 -44.57224491146751 -18.480157652842426 -9.560205195784315 -16.417560182317246 -8.351746781615006 1
3 6 885.4530523148576 251.901409767711 -10.454903296520463 -120.86021021111314 -75.6619461821483 -35.46302532946073 5.930202315608608 -14.870508771053082 -33.84287394797085 -30.662611477564496 -19.62714392769609 -16.892883063378274 -13.854268224752099 1
3 7 1020.2612512086299 240.97734276529695 42.2657890740929 -101.3959247267589 -51.0022509495811 -31.207828593705106 -6.167335873193006 -20.279807114541423 -18.61917217864832 5.542937132312263 -28.949880438087288 -25.37078977166233 -18.25443605635599 1
3 14 1042.2909914345717 242.23119690325314 -35.02266122876089 -68.48525806658465 -36.62245077091291 -26.353891773719766 -20.74365890443061 -19.443939718395733 -6.938790823335541 22.120424669643285 -22.976143965934515 -36.07838077257197 -21.551280362816343 1
3 21 1034.6129996207687 190.97079527723247 -8.727939939718855 -0.2827378454674532 10.367618178788195 -54.49941592621297 -47.364336562136906 -41.91710561213538 -30.352267997480386 -8.924405769524016 -13.800724661670406 -10.359155969156806 -2.848050316954399 1
4 1 1251.319379527042 -20.952610611055864 -34.89646836837595 -62.01451842704851 -120.62630579400796 25.52348932967596 -44.958399525150114 8.49855282441974 -25.647982956736204 -30.094043864481595 -15.013425080913986 -7.370508272980561 -36.23834360892944 1
4 3 993.1277653542409 146.04972860662832 36.94955939325072 -136.70399015172427 -107.17692864508626 29.375237823963243 -36.336568819710735 3.0290510408025484 -22.98590575918559 -10.62443917347536 -29.678459217743086 -16.818685399268734 -7.942943063906284 1
4 5 894.322505195569 241.3354176444624 34.56791693220922 -101.80728315870624 -101.26743657980708 -25.612941109404733 5.54888121463648 -14.534354143999098 -28.260331283863458 -31.16802744675447 -27.506449570410524 -22.754781369505377 -6.594637912835703 1
4 6 878.2165885886106 235.18399053052406 -5.8561590436026405 -124.47676638167493 -90.42700417534351 -41.60010497878571 -14.983880084915885 1.024013392488499 -6.587385907655259 -43.7901037394265 -30.399690857662083 -20.021000376765986 -10.603356145072539 1
4 7 964.7681071424237 213.30175284028766 63.313350563433715 -94.97593043396817 -64.07582995361938 -8.396255140597598 -30.943093873503944 9.11161638433069 -17.15124283056296 -2.172832230466689 -41.32328982417078 -0.7097514141245219 -17.012285982980842 1
4 14 1213.2790265782069 67.64061468941827 83.07556585202377 -95.2349473657617 -98.52866212227097 -2.447199567600914 -33.08956266349027 14.391008252240116 -29.18200807908191 -11.00215311086324 -10.644916123081174 -32.212814976519 -18.10692804797834 1
4 21 1242.886283208857 46.08155739711479 70.08408910917935 -76.09475195235203 -24.219627289424167 -38.35042879185585 -59.441306798536786 -6.410141107025056 -27.754525837383394 -15.175728715687782 -35.98025372943444 -22.95221448744198 7.8179808371594435 1
5 1 1239.2736201063647 36.870482952101725 -99.87527310456325 -78.14257378621603 -47.28596601723824 -31.2173468153378 -37.70274533720065 18.635382288165523 -44.40771424076685 -0.6083086436715384 -55.79240212203139 4.411816695824989 -19.21908463414358 1
5 3 960.9458628019763 287.8260963713101 -45.11481266078244 -146.05994744726075 -33.745312701408054 -8.736347589000584 -37.02231036476277 -9.57776514312302 -19.575802951786866 2.483539794288503 -43.85390044029397 -21.061102555900362 2.61566165125901 1
5 5 919.1417395052193 278.74770801039944 -0.6337174145035902 -118.22458596623969 -40.224168071052716 -15.081258710631827 -17.130747605175802 -7.344270638489131 -36.511619133270926 -8.880927158351403 -15.932564558382788 -11.659936124771408 -18.020015648484673 1
5 6 833.7414745232599 208.79181563580826 -20.848904516046506 -121.9149243756179 -85.87651265492005 -21.202848878280115 0.8177862590383538 -15.649165617409757 -34.533124467923756 -28.19646253755278 -25.743933191965287 -10.114839065352662 -10.95696577684442 1
5 7 1081.8150244951082 228.79022217352562 -44.4417033308672 -99.55250452576551 20.29245392058616 -13.262490009761903 -28.725018078474587 -18.819301108664753 -1.9248693137032586 -17.541497442120352 -22.91012601221233 -8.10703617841282 -2.0566446006066825 1
5 14 1090.0353286221734 191.27328992991065 -14.500899731179324 -98.86693865299253 -46.35789441249496 -36.61481899336952 -8.516055619196797 -20.926548868034608 -17.85363160190211 4.238194985812318 -29.76857891720487 -29.816229632812224 -22.40370318707975 1
5 21 1144.375212271766 183.96590504385068 -61.62455442735952 -90.08921295427837 23.04062875622735 -13.204980817713537 -37.77725271388591 -46.409328701298215 -15.738720790830873 8.295401668062226 -37.27367709367004 -13.22906486000701 -13.31382364912338 1
6 1 1216.0787829147505 79.60376025283081 -8.362620828183418 39.55990083885802 -0.26830708822138266 -32.70374346417632 -68.01762081099228 16.190379780652002 -51.154953695818364 -9.059170580588033 -39.376222523886355 6.737961507485636 6.336827197893834 1
6 3 1036.846140972952 228.85564493033849 22.33997893728381 -38.58298475839236 -45.78759547340424 -58.06410919637397 -41.02156248821959 -2.9141123921947436 -45.84678825619358 -26.755467342635832 -22.860590123389752 -15.711740100224748 -1.6650035435821329 1
6 6 1059.8873354125678 210.48657640203183 -32.05873400756374 -65.58913061640592 -21.1797900247056 -42.69030009128236 -32.79409279069238 -20.93149711359687 -24.216747244256833 -24.431996754448505 -20.001860544249983 -14.118642933818464 5.294427753948982 1
6 7 1177.0439990575253 162.27853732376087 47.27741287417555 -22.45944091309068 6.614584206347832 -34.841776747260134 -70.09617963368278 3.0937449531351495 -28.846981007779494 -3.8071992720899965 -18.60387741569425 -21.34478208978191 -13.1418029021118 1
6 14 1230.0023083534234 106.89813954246475 11.76687591168009 36.634473750201195 -91.91210993804975 -53.611917941270406 -29.539596974473078 22.171588087470045 -44.11942950413068 2.6990280721382836 -35.86316248260907 -9.48919802660634 -33.29542017829746 1
6 21 1214.928955260237 84.36858956662512 10.143095255465598 21.751035747359076 15.218379861594038 -73.14116277483855 -77.48325993641943 -36.50446365640329 -51.77060823298852 0.8483464484956844 2.0819246979484993 -14.754058582795025 -0.4125844696801589 1
