1 1 1.5462e-005 0.00395 0.403 0.044340000000000004 1.689 18.585 0.042358 793.3086521575547 1299.364852583882 1729.9575480317908 2546.1096881608646 32.52863046490191 46.80298794304589 60.2120177790052 139.03322948768542 10.557051126598186 19.336370342815645 24.205796291152964 23.025323799913227 82.84575279731457 1.1769310157728972 1
1 3 1.4186e-005 0.00318 0.38 0.04349 2.328 22.198 0.008668 680.6050695551279 990.2500961414766 1680.7068149198828 2789.4982086209243 37.64946424541366 102.05644177162932 32.06707657752083 55.87588475678078 12.30522717891927 25.372378248585804 24.915112872911227 21.01632466327451 82.23545479423001 1.0633760111903015 1
1 5 1.6335e-005 0.00396 0.475 0.05514 1.875 20.667 0.010769 571.3073175647774 746.8556701123191 1884.8280659871905 3007.072375397624 104.11324393758844 41.16852654819758 171.1952688813653 114.00165851235522 14.65936063220546 33.64103802843388 22.216880550358162 19.49570634868675 83.63527511848213 1.9414091523044328 1
1 7 1.9119e-005 0.0043 0.424 0.04642 1.698 22.442 0.008879 504.29173665029117 868.3871118353561 1755.871272127143 3162.5726603218536 38.08559012843429 19.45215281497358 214.3103463166555 119.71418188869295 16.607450392961272 28.93294897813227 23.84855921087581 18.537123505656865 84.7022543296037 0.5266765506841243 1
1 14 2.0496e-005 0.00429 0.397 0.04534 1.266 20.004 0.011478 688.4078450020941 1056.1170751469645 1662.8495080538319 2682.741932652144 47.94364740265296 8.966576224743573 15.015663489445725 58.29768082379618 12.165753282452096 23.789976122205694 25.18267576060429 21.852642360588014 83.17567743139415 0.5461058517356594 1
1 21 3.4864e-005 0.0070999999999999995 0.751 0.08474999999999999 2.384 15.934 0.028354 345.37004527448397 1207.456831188577 1703.9376987927124 2846.52460439352 161.88735713612581 86.95031273599906 194.29160961253405 157.06226403217144 24.249352584541434 20.80819732103205 24.57542903691233 20.595290098499124 81.54227420978374 0.6828185044289099 1
2 1 2.1288e-005 0.00491 0.626 0.06858 62.787 15.822 0.078429 496.6119898148524 1509.71445338502 2323.5341156786276 2729.9691499302694 16.922770569445525 162.62924106936268 64.50836612977415 63.10015496193576 16.864272655040768 16.642219953359888 18.022115413515113 21.47460164577224 83.3682914509082 1.0814275869882934 1
2 3 2.3255e-005 0.0053 0.343 0.03842 58.675 26.305 0.009747 294.2993890979483 569.4009318334774 2695.0363869795738 2971.3863692176706 12.648083292686602 43.94315520378462 40.50967461651362 44.771033243956424 28.457415510341562 44.12532294089723 15.537823608730882 19.72984752414922 86.02379273593486 0.6107592848606228 1
2 5 2.5712e-005 0.00625 0.353 0.04062 4.199 25.501 0.003736 275.03783861373 493.45430088055787 2632.7041612296307 2999.2543922771288 26.992932149518843 39.774858881208736 53.15996885938718 72.61043082675394 30.4503556391092 50.91656908282087 15.905699021055925 19.546524679918882 86.75954267895507 0.9373180260219389 1
2 6 5.5389e-005 0.01359 0.624 0.07081000000000001 2.952 20.917 0.031074 265.9504187188113 494.6551967647335 2410.9886306432454 3117.4001624700945 23.922516264941088 13.085448525894043 120.72362423482195 95.25136268911598 31.49083216467828 50.79295671879878 17.368393806497487 18.805734568752975 86.22040200650628 0.7374888875053672 1
2 7 3.7364e-005 0.00853 0.357 0.04095 1.216 23.495 0.004906 268.8928860960557 626.5322165234031 2735.185859360897 3217.836637990308 91.6079292747752 606.6274505107842 150.76533530388582 155.68987231039426 31.14623120601349 40.10168884757021 15.309745718627143 18.2187620427537 84.40745980118693 0.40200565799575294 1
2 14 5.7941e-005 0.00676 0.584 0.06634999999999999 1.275 17.918 0.025203 383.9103394200537 1172.3131540059735 2914.56856392042 3220.376287397063 79.68166736154865 1034.0201714150078 137.2917066817006 219.63089225985337 21.81498943907456 21.431986764068995 14.367478095513889 18.204394383795716 84.22931823054867 1.2501835814627251 1
2 21 2.8163e-005 0.0070799999999999995 0.406 0.04518 4.151 24.746 0.005233 264.47419721158116 1342.3859915560208 2934.9771037851524 3194.2317977621265 6.24139127978071 154.11745470949992 79.66320878559318 90.96295024248423 31.666605242778914 18.716673265396988 14.267572972203109 18.353395655591612 88.0713693750331 0.7437215534247073 1
3 1 1.3197e-005 0.00378 0.262 0.02876 4.421 26.637 0.002848 555.862592597378 1098.1649298042435 1857.1061331003248 2823.115981102259 10.225393790292312 39.61169197042667 89.19232834151403 92.03593706186858 15.066673151841634 22.879077011208807 22.548522808490358 20.76606146981975 86.46016856948603 1.2881285275397905 1
3 3 1.9578e-005 0.005240000000000001 0.365 0.03818 2.534 21.143 0.01069 334.38481114687573 793.984746122735 1897.819758070229 3137.1342928281865 25.08829658596218 14.231009978339424 144.01701032299582 79.6239585261642 25.04599407872432 31.644184756310356 22.06479294038966 18.68743717284364 85.46936997214444 1.3757207905656428 1
3 5 3.1403e-005 0.00804 0.9 0.09917 2.378 18.73 0.022303 416.82710630630777 713.5302605443909 2237.380721496809 3156.827982260662 61.55624988836548 45.26939306872218 208.06966695872754 94.39539912185025 20.09226337081251 35.21224170763378 18.71608153125839 18.570856673038477 83.60129061209561 1.4513726074652211 1
3 6 2.6466e-005 0.006580000000000001 0.596 0.06051 7.143 20.439 0.013694 405.56718361840706 553.5777056662352 2264.872075865088 3195.2271312958187 50.15062739060966 29.45177575469466 153.88282020454537 78.96135181823777 20.65009285337033 45.38658212357353 18.488902947865377 18.34767845634333 81.75599302287475 3.4119036008124723 1
3 7 2.748e-005 0.0063100000000000005 0.365 0.04226 3.22 22.486 0.006266 418.0061928624779 691.9702168474981 2357.975192151668 3090.4551285601137 18.829622939420798 73.44870985220877 165.79396536479348 88.60708597035215 20.035588330997133 36.30936619565123 17.758880644451896 18.96969784748637 83.75450471307312 1.302127602736245 1
3 14 1.4608e-005 0.0032700000000000003 0.212 0.02452 2.924 27.347 0.002039 432.68350785100614 854.0193733821384 1992.305663397691 2825.003172493408 5.065661724924309 17.26585594500351 143.94559161586423 124.16281713748413 19.35594920545 29.419707307690782 21.01836117284639 20.752189084536965 84.70641615606765 0.6967611973585903 1
3 21 3.3709e-005 0.00832 0.454 0.05269 2.42 24.783 0.004607 273.42434448973154 1052.9719751806138 1783.6921966042553 3185.833128672081 10.935523756009228 46.303795040044484 90.69144078779321 33.44921798386085 30.630045088448675 23.861033904240774 23.47658417731517 18.401779889970594 83.94439885410144 0.7574258535678156 1
4 1 8.255e-006 0.0022700000000000003 0.233 0.02675 7.182 24.373 0.012258 553.5345456348764 1723.1916746830998 2235.5027953095505 2627.486012918475 8.452965498329514 48.31481014330454 24.88150399445799 47.09971759672303 15.13004033089623 14.580502197830409 18.73180390910742 22.312202505269436 86.36335734843533 0.6411084989206713 1
4 3 1.3814e-005 0.0034999999999999996 0.308 0.03313 2.165 27.593 0.00664 502.7508890984227 702.539395121084 2478.9721635047977 2942.2652084280608 6.019363423020626 34.09214989022461 36.55685380153731 42.881108755304425 16.65834945616663 35.763119014371654 16.89208157174168 19.92512429949205 84.09475030768516 1.1465956489323037 1
4 5 2.0949e-005 0.00496 0.302 0.03464 6.991 26.307 0.005228 428.6959589719553 485.877028491865 2352.2365894065583 2949.849065886567 37.904954470400455 19.554852689729334 74.11373201498142 91.61015092359736 19.535990075772748 51.710615087086104 17.802205861683568 19.87389818617057 85.66799409772102 1.8219045082015413 1
4 6 1.5719e-005 0.00391 0.359 0.03982 5.546 25.743 0.003707 398.5659056829511 500.83594334281185 2150.12025203796 3117.660193203783 53.08106826094946 12.163541346203537 107.31219686234914 69.11230345578001 21.01283597162999 50.16612791866349 19.475654889678562 18.80416606267649 85.29032852350561 2.5787749513335267 1
4 7 1.654e-005 0.00372 0.307 0.034390000000000004 4.146 26.351 0.002759 440.7343430243675 643.5568930771115 2627.495656355118 3011.216368661838 6.621986561369137 70.36929308499192 90.69801457220102 42.41073055638186 19.002376675549787 39.040837368498984 15.937229010718639 19.468876634080107 85.02694557752109 2.4686302889270526 1
4 14 1.3018e-005 0.00302 0.223 0.02556 1.632 24.607 0.003988 461.5016675989621 1423.0297698317418 2517.895966203629 2898.2293636638574 2.449053115613546 180.8755469952826 13.84835456864308 27.784006812380067 18.14728003816824 17.655990431578086 16.630949237802408 20.22786765430048 85.78224870092049 0.6401249480908765 1
4 21 9.926e-006 0.00246 0.544 0.061970000000000004 2.894 19.97 0.010963 399.20933502288307 1181.9050415804954 2664.9131101430357 2968.4665667626764 38.88425357244953 55.05328619315559 62.779153426789314 129.88091952023805 20.978968338803842 21.25805298740561 15.713457913737537 19.749253926728482 82.96749518101082 1.844338454367476 1
5 1 8.824e-006 0.00237 0.287 0.03273 2.171 24.949 0.003641 553.1333541153794 1137.5997230403918 1865.0717575396052 2935.2319384391685 12.000514656338373 31.10967746111014 91.38877966494097 52.72580238885467 15.141014255764876 22.085975841177227 22.45221924074456 19.97286798097948 86.29383853204458 0.48548418425971945 1
5 3 1.9127e-005 0.00483 0.277 0.03173 3.915 24.709 0.004366 497.908862870828 822.8622969906967 1306.2315401748597 3105.6507633240826 5.412426253318781 54.89072303205061 277.34449701185105 91.2091523245623 16.820347305552417 30.53366291284101 32.05786930730089 18.876881036440714 85.53402147510882 1.3988257021656867 1
5 5 1.8346e-005 0.00427 0.28 0.02959 5.414 25.892 0.00311 448.23801902230133 702.0735762603446 1648.4250500905978 2982.256155788541 16.857819196251878 27.699287856931523 262.4236118723886 107.29245414886549 18.684269616994083 35.78684748944759 25.403035459633752 19.657935783352894 85.39567599284722 2.085078929524609 1
5 6 2.2006e-005 0.005560000000000001 0.429 0.04714000000000001 5.64 22.736 0.008621 491.6652397842558 695.288929243336 1959.9872604051702 3151.455179522807 18.18871175116636 84.93240524450464 188.528179835768 93.3955324837205 17.033947739878815 36.136056455469316 21.364934786026907 18.602517459530233 85.87317200332294 2.3352347559968782 1
5 7 1.772e-005 0.00371 0.303 0.0346 1.237 21.851 0.007071 530.1295701332108 872.1654923911133 1343.3457584835803 3140.768245512802 47.299326809043094 145.44201519127725 612.1798723956337 224.62213712806903 15.798024618576799 28.807606147220696 31.172168248977158 18.66581530928212 82.30283058964425 1.3857261386214577 1
5 14 1.2225e-005 0.0027600000000000003 0.214 0.0246 4.695 29.945 0.002206 453.4697118638809 903.097285043954 2106.8545288737005 3129.9622197388626 8.542855126329323 98.72693861243938 98.547476580701 42.08116688780627 18.468708672022498 27.82092296820177 19.875601009048253 18.730258030044585 87.43782285830159 0.5077943123987182 1
5 21 7.75e-006 0.0018700000000000001 0.259 0.02935 1.716 26.186 0.002648 457.68014761781666 962.0330439288051 1643.5436576582447 3068.913214724628 10.066027914033974 8.517824936208703 134.1096089779274 66.24284843646979 18.29880549460384 26.116566534339714 25.47848352240571 19.102853648228823 84.78025484705363 0.4608415598236248 1
6 1 1.6546e-005 0.00391 0.392 0.044989999999999995 4.85 22.228 0.007034 301.55952843005196 1304.9797845778276 1875.921516117722 2770.6418260725677 117.03265103325103 83.7602910354585 135.68468534157955 79.06844134042503 27.772294391097702 19.25317180919255 22.322362444384996 21.159357174327344 84.7496109488927 0.3665900880093219 1
6 3 4.9392e-005 0.01229 0.642 0.06604 2.345 23.671 0.01169 281.55425487870525 1006.9167978796473 1968.9743412269054 2921.9475220658073 12.106804312974639 84.30368010343692 288.93425962443933 136.3966303978099 29.745599133666033 24.95240922875446 21.267417824199217 20.063673134879682 85.25893595737715 1.7309949018024415 1
6 6 5.0789e-005 0.01309 0.656 0.07429000000000001 2.775 20.043 0.012397 312.5766628922063 944.2502023387206 1823.205418993617 3218.7247431504857 28.316932995521505 45.311511157428356 127.55616331342533 68.34022985300585 26.793427002860298 26.608413678673678 22.967790444103876 18.213735152331754 85.80927658617992 1.645356154975674 1
6 7 3.6413e-005 0.00776 0.332 0.038060000000000004 0.99 24.597 0.003866 260.3450882052276 1099.2118532742434 2675.4080741230723 3008.5526179785265 8.371085013892607 26.690717865183725 62.35096740447736 117.78653558698782 32.168841969463486 22.857286268483808 15.65181790584433 19.48611423635019 87.42600176283162 0.6730870741985359 1
6 14 1.741e-005 0.00392 0.329 0.03782 1.848 23.1 0.005637 392.73432679064945 1470.2441429339679 2050.679157927821 2764.7868514707134 11.85020795508547 18.880841159878646 60.1991675991162 59.77770947288863 21.32484845019511 17.088998531809438 20.420064171478696 21.204166233941233 84.62975136606174 1.132038041210321 1
6 21 1.2303e-005 0.0030600000000000002 0.239 0.02738 2.07 28.205 0.001636 277.39840656176335 1397.0704716763655 2307.6213752399544 2978.6833837230483 3.2222056252223554 13.572216371658953 100.27423956871989 48.827679367649026 30.191233265556946 17.98406058203502 18.146391106143092 19.68151443028657 87.72265989841715 0.799331969685571 1
