1 1 1218.9741265762648 93.54760679850217 -128.54606170577725 29.12592154479069 -16.321961188333145 -19.818223739866603 -5.0186832022419035 -24.413666659876622 -13.488574906864567 -6.901354127451541 -14.654347024765487 -14.302349164154359 -7.599896760676409 1
1 2 1050.9900663509081 232.13375677011754 -9.070086781851883 -68.31788125631026 -14.73045940852211 -10.65601250051108 -16.602371403047027 -39.67301761320515 -6.862992820583013 -32.47859027538805 -14.42355442073609 -6.1567289699139875 -12.123555444561 1
1 3 1251.350548659216 113.59190253623576 -20.27073618980764 -53.20095308456314 -10.72522869427518 1.7042834905811395 -34.29099667514696 -27.846871268283753 -13.134684542762933 -4.769438256652683 -26.723847562814065 -11.097771561542343 -10.757298214154618 1
1 9 1219.827717314988 100.6188528328819 -99.31908840213974 -23.817593667474235 -11.751663294065947 -27.260523392390375 -31.77607689025751 -14.438312930284345 -45.78911556138236 -4.709804083983841 -20.670508049025674 -6.287208159114296 -7.735598478174914 1
1 10 1248.8845717353297 15.974155204574059 -111.33912263468487 -1.2769683326760146 -38.347138432086595 12.292637006897493 -36.783128864077746 -24.86193744114901 -56.36553897358797 -9.037061844292484 -24.251468437364185 -1.3780853520383578 -13.050113077745968 1
1 12 1302.2452277282093 127.26587978490906 -6.239281066214928 -44.396222924291905 -4.306843674386446 -10.63293372649246 -17.988797612425383 -31.732207493877077 -8.396273776169892 1.4762475777598183 -32.87289180706484 -4.3253017937679905 -0.39179324831011775 1
2 1 1236.8836559021622 104.31060586284346 73.03240450294913 -67.02083636644304 -59.451305994474666 -21.06752899460437 -34.43097248262308 5.340134782986889 -7.613240520623387 -1.6032081685057447 -27.267582613377623 -12.970204600099493 -17.940777090417846 1
2 2 917.6194934122485 246.77808697982798 73.79119958151402 -84.66537437141632 -49.20108710996122 -34.29116635563136 -12.725221149664028 2.11868973003009 -22.939514146949083 1.762393670497749 -28.224717674899907 -15.594385855550554 -18.389329924108413 1
2 3 1110.298278296697 78.63833568961645 192.32706249692626 -139.56428238367042 -74.18099832187922 -16.21471871263043 -37.78513161200498 -2.59148853362141 -44.09612311845257 -18.910068337159018 -24.350140204638816 -23.484549893162423 0.18566996218917686 1
2 9 1238.9984771088807 37.979102870084304 121.11517142688416 -71.27044634487196 -71.0773298400522 -41.3786942712862 -11.289816084613994 9.899807389848682 -45.8344289094738 -15.030635960126531 -15.450609590809277 -19.015011302295747 -12.144644978874469 1
2 10 1217.372898605012 36.777096324772955 119.60767133540686 -87.12194735620425 -59.698260357737425 -14.657145457313483 -31.55528723448852 -14.59341193980608 -32.333553894307244 -12.725391938894653 -16.555035400171107 -23.69228136061256 -6.565039598049754 1
2 12 1001.0076664591093 129.75886946814964 205.23512473328938 -100.76310343640368 -53.7313272632394 -32.340235678661074 -26.188570167202 17.438000276241638 -17.969272099903048 -2.0197129523947246 -21.20769317359408 -19.55011175886581 -15.223703817273064 1
3 1 1046.8637286488158 255.22989663834173 -77.57673342021916 -82.69763074737945 -25.242953389517893 -18.27935100421722 -34.414846921414465 -19.86119508246182 6.205145051091281 3.5541220134858245 -19.047008751245073 -29.320037803212383 -26.821408358367574 1
3 2 1039.087979084253 218.84209442290245 -28.491202059485595 -127.15974395511849 -45.96129644542417 -11.357180778678728 -20.594103850109267 -16.873959845058213 4.32539395435388 1.5758981044707996 2.141223213752224 -14.550762332128022 -20.16098281270172 1
3 3 1021.8344082161718 235.30226671517522 51.77887247186065 -127.76455956274135 -52.148138022994985 -26.002181229052823 2.4640850148162627 -42.05161352980314 -27.512056374546454 -11.243722729560169 -26.294639973071828 -21.299280899137255 -8.400797622612581 1
3 9 1048.0513512541324 245.56176402935364 -19.947347967266968 -88.95268426165607 -59.52459387404649 -24.191094189480282 -2.641232788064084 -31.070935444453674 -37.124443456425695 -23.80739450224959 -6.505327276851387 -21.25579563324728 -13.260526384432165 1
3 10 1054.3041904362453 244.8697668733893 -10.0869938666966 -100.15899129612258 -42.78858246471057 -25.002584134316848 -25.280966173055255 -21.034307464103193 -6.60966429894425 -17.447929644074954 -31.411310859170012 -14.0157115649219 -17.674123019231917 1
3 12 989.8961795301402 255.67429529238805 61.995043718022856 -110.3679425514607 -47.15166492673611 -17.718119376656063 -0.0489211889769411 -27.080447042594074 -20.524515531518336 11.430067158335314 -5.531084110722848 -35.69889478138971 -25.652820934677187 1
4 1 1253.5956059651307 113.15189648630084 -0.3429873689081896 -48.662589319191106 -68.25671563953699 -2.050780317331375 -21.91160725559228 3.7115298187223265 -31.30337992430358 1.5666622365367402 -11.170735913313257 -11.448091374781555 -24.158788648852443 1
4 2 1050.3086076817435 202.8509719637439 41.2412340706098 -121.18381805718064 -72.85033519960965 28.544344693767464 -11.794831857083638 1.188876628719719 -16.801691413431577 -23.614462528950188 -0.47726838515011594 -6.814319914137404 -5.020890256843515 1
4 3 1161.36050851817 86.59049971342117 113.37602125459433 -126.70093173159837 -83.40054068395084 -21.79768400517405 -30.24647213582835 5.621993767707744 -18.56581994611237 -18.67461146950426 -25.95033653281219 -35.068564211531296 -12.810103973794538 1
4 9 1239.7227357680817 49.51209825792121 57.79704239165677 -91.75077816208338 -67.96229544544258 -41.679243570694055 -22.884570579420323 13.42366264264919 -23.04844061044486 -22.71242369468211 -24.546247598443188 -16.39372475181536 -24.596682195949068 1
4 10 1249.459443978982 13.059754664786249 66.93204559751489 -70.66063465022972 -99.64064414513511 12.443796314000343 -28.187070611929943 4.478087658580025 -15.826895562708653 -11.554679297137168 -10.615694529450021 -28.232660317849483 -11.121612236733064 1
4 12 1088.4421902257661 109.04781382803306 159.70450286465896 -124.62142249180604 -53.036313096610414 -13.738846492573591 -23.990032899081374 0.024844817773486322 -9.165798737689807 -9.010271498141547 -21.90957486092387 -6.988694645934881 -18.661002888069362 1
5 1 1131.5901043503213 175.8359335871803 -100.27738603688455 -95.14982148249092 -5.612897975749658 -9.47206544459601 -19.248768893746234 -20.2106542673887 -5.504200537631679 -12.146093430667758 -21.87443501024683 0.7511904724504469 -21.134971759337212 1
5 2 1011.558470715313 234.55407886989073 17.71513394446234 -142.37551410482934 -29.55583873417878 -30.852650193669902 -11.377530317729992 -11.544342191978057 5.224553596648807 -0.7602014885670402 -31.206147304883707 4.54674158099794 -4.2413606039787055 1
5 3 1058.9857329520357 208.6376501236688 -15.451838104261169 -155.81469433595203 4.612194849768058 -24.65370799429056 -38.61476760606171 -25.313591621787502 -0.1462118531621024 -1.0572824146282525 -37.056992818571516 -20.60704092329166 -21.758957503752107 1
5 9 1126.913561247591 186.7529572274212 -94.76633125227667 -113.65463303969115 -2.6025490635296964 -42.593128148337875 -29.598066370640723 -24.85927205893447 -4.640879686182585 -20.47062985423292 -30.911615947765863 -24.715184299512238 -7.365071622040939 1
5 10 1076.1009797821891 226.7845673074821 -63.359504797792034 -120.7535714265754 -26.8696875605633 -3.1901926285803737 -27.598885272700347 -28.389129608995646 -8.043638071391157 -0.6018403209994297 -18.055744150018665 -31.301283680049906 -16.365371760337815 1
5 12 1024.8365017556134 280.62484878389955 22.18345225002073 -119.80607311390764 -11.315595684955415 -7.749696712623372 -10.00243471071384 -35.49939335048675 1.3933470471938194 -5.551038619526653 -24.450881967002232 -2.9591197081885574 -18.29890653993743 1
6 1 1270.8443612724536 153.53982630714086 -66.57273809780168 5.198711746972784 -37.01909703542598 -21.019171575716708 -34.858946465731876 -4.828959856523377 -11.766173601745033 4.008266063097619 -21.47546352898218 -13.411125825026701 -25.78042713758387 1
6 2 956.7513719468044 206.60965905884134 42.31387289813749 -88.7367349589187 -24.320080139238343 -27.429894957065542 1.273106393173957 -33.68176462412293 -4.3982266605400895 11.783797837672177 -8.315027122352298 -13.8491039878857 -23.192124846163683 1
6 9 1295.251435482975 73.11955359896106 12.499808015283874 -28.807574506181794 5.287882114341855 -63.861934495795445 -33.582004063745885 -34.26368821293742 -17.202288317139402 -21.17625340221712 -27.4014224323755 -7.107633321803475 -0.5377818245951085 1
6 10 1321.0801725365723 85.89040730511827 -4.763657489013253 3.140561415655627 -32.08223722585809 -52.56291707964342 -30.634580018476633 -30.33705035390528 -3.113083712703429 -32.86789386582456 -17.17931070966898 -24.453946471653488 3.027759799893406 1
6 12 1142.7236600300623 102.76636617112953 119.30723472297548 -31.042429136499265 1.6955169855210583 -49.29659730483793 -27.13167315031021 -36.29549036025024 -13.485483515918755 1.2878269099413155 -22.882155108076013 -20.23443219921949 -16.374128318624397 1
