1 1 1.8031e-005 0.00367 0.295 0.03406 2.305 21.605 0.00879 776.8609611223787 1142.9988534955305 1704.044112153669 2422.6523933460285 31.106735743217435 26.279226827667042 38.24253489413193 143.7195453636279 10.780564887570259 21.981649345633613 24.573894361851917 24.19868412035394 80.39543149973143 0.6058983872360917 1
1 2 3.7633e-005 0.00822 0.701 0.08173 3.244 14.978 0.083366 488.9278498110304 808.7969614005334 1943.8144732911887 3222.8387160775565 46.2158711227896 48.58313152045159 104.54842477844485 61.910300186778215 17.129316735049805 31.064656766876215 21.542693798909177 18.190485210302782 80.7304850490221 3.104813648930143 1
1 3 1.259e-005 0.0027600000000000003 0.209 0.024220000000000002 2.502 26.954 0.002436 553.7499114382775 926.7447402106142 2204.182377288654 3034.4813176936623 21.95019094874983 14.696404118103539 60.77057345379587 31.977852085656306 15.124155917690834 27.111025193722742 18.99797422911532 19.319611446663163 84.91587871382863 0.4829581026514613 1
1 9 1.2916e-005 0.00321 0.25 0.028980000000000002 1.64 23.624 0.004845 709.8773657194942 1337.8064461716115 1650.744843847438 2751.8497254075596 12.600248531699167 71.25574547339589 87.4557806184443 53.47891406275344 11.797812417235678 18.78074371064662 25.367336542697142 21.303852262978282 82.12072527896582 0.43607732447592185 1
1 10 1.5082e-005 0.00367 0.252 0.02834 1.909 23.601 0.0056 767.9533361037776 1401.4528749832546 1894.4712110311796 2598.764264273493 8.863218840175616 40.86863712539333 91.94813092684589 91.8928693697116 10.90561054463372 17.927823652507907 22.10379326757202 22.558798735978893 81.97929144332483 0.6792556534606966 1
1 12 1.8158e-005 0.00384 0.413 0.047009999999999996 0.66 22.729 0.012508 530.3708734183755 1060.7726402158703 1999.3514106941063 3076.497622006167 18.645284265657136 37.89628863579476 60.38629749649105 61.041840084128744 15.790836977945244 23.685565640990692 20.944292121944905 19.05575989419129 84.3546494206881 0.3308327659018135 1
2 1 1.4979e-005 0.0032900000000000004 0.207 0.023530000000000002 1.501 27.72 0.001838 424.5710887548956 1139.7230126787488 2237.814817385785 2760.1421133511412 2.716871287150292 143.4371156386204 152.85132949473552 84.99039744224461 19.725789677673692 22.044829945959798 18.71245094753567 21.239848381872726 86.29801556402126 0.5541600039926652 1
2 2 7.4796e-005 0.0161 1.238 0.13694 2.112 15.019 0.063348 407.69034480222064 629.1065282106306 2570.860673285622 3213.946865633978 53.57130879000143 272.56859040649795 126.78968311297778 101.65639185542834 20.54255173509908 39.93759224127447 16.288319485817464 18.24081182762047 80.80143495229784 1.7391311584421139 1
2 3 1.4194e-005 0.00344 0.368 0.04239 2.633 23.28 0.006382 413.6227032983919 2643.9317751830404 3098.5908906335653 3453.9192253941073 16.113500008144147 35.6826062509891 63.69682118117824 120.03154647484514 20.247921434714343 9.502892712978794 13.51420741814608 16.97347163447652 86.85806736225119 0.3901283687571154 1
2 9 1.6341e-005 0.0040999999999999995 0.242 0.02811 5.26 25.576 0.003996 399.95591922860655 1124.7071430802548 2650.8190478929873 3054.6972152936964 94.67650968022014 681.3015052421478 136.01109429235754 151.69133165676894 20.939807607180388 22.339148599332027 15.797004338445692 19.19175481828023 83.52525817358348 0.7521210318997496 1
2 10 9.57e-006 0.00233 0.412 0.04650000000000001 3.157 22.211 0.006795 382.9715254943218 1679.6652408040559 2585.8977897338364 3058.71799036066 15.55538083273677 227.76055435730294 23.327546492447148 45.8141721099083 21.86846656338207 14.958337762572654 16.1936021470942 19.166526690186107 81.75705450240473 1.3190234627786392 1
2 12 1.0174e-005 0.00214 0.301 0.03449 0.735 23.673 0.00463 373.51960025233745 2215.565514010645 2994.1848688513846 3448.93388926546 28.543796708278116 741.7620866331739 229.1363929010739 207.44954967977242 22.421848798141056 11.340219840540126 13.985442393897307 16.998006306373625 82.90743833267311 0.5333564593378307 1
3 1 1.1473e-005 0.0025800000000000003 0.164 0.01905 0.956 28.422 0.001619 448.3609453813027 898.2870118607693 1588.6965608219086 3036.4467743164164 2.3708453624529766 7.761784949772233 116.65868251683727 65.96576268475504 18.679146982522287 27.969902345525917 26.35808563614946 19.307106087245025 85.14620453811244 0.8984171715993808 1
3 2 5.5568e-005 0.01166 1.098 0.10889 3.172 15.07 0.068069 425.76658014510883 795.0206982168888 2480.982199413711 3325.8920525923018 12.965019979930954 32.77226017804671 140.4924635897212 67.77639609128369 19.670402494121664 31.602950786503513 16.87839598764377 17.62684990160937 82.39586656777902 2.971104343048973 1
3 3 1.3154e-005 0.0032400000000000003 0.229 0.02642 3.25 27.695 0.002001 387.0891388241364 637.4307970124584 2504.620138000733 3224.7908609532533 13.588832219866063 34.89566931688912 287.42374977240974 66.19760620911592 21.63584342728086 39.41604346347411 16.719102176278895 18.17947350008005 85.1175899390953 1.162067735596427 1
3 9 2.4722e-005 0.0061 0.21 0.02408 1.054 26.736 0.002374 408.5298581491354 684.8483599816451 1959.4495150117846 3207.4712533711213 9.343191310431815 10.102685658873673 124.40691588959194 105.13474902840483 20.500337571269206 36.686953591702235 21.370798114055088 18.277638478718668 86.82304976632312 0.5778232158326689 1
3 10 1.4631e-005 0.00345 0.23 0.02649 2 27.402 0.002012 440.0258823128805 759.6983050682755 2116.9346970507113 3031.367517599922 7.127123783882708 38.544900905980114 108.49264265525439 37.72214335411622 19.032971324275316 33.072339154082975 19.780959733117776 19.339456420122957 84.73423110845253 1.0930338563742754 1
3 12 2.6412e-005 0.00551 0.304 0.032 1.845 24.374 0.005726 377.0924309272224 609.2045779554024 2383.0802800507195 3129.55674378419 10.080906735735388 26.966969524816527 142.94434430684285 101.75176727143398 22.20940892238791 41.24230333974822 17.57179577647664 18.73268478561343 84.15459683553274 2.390786766704358 1
4 1 1.3628e-005 0.00298 0.32 0.03596 3.519 26.318 0.003105 475.53209385792184 918.1558073679298 2263.276030492385 2779.7556338417835 6.747322905232228 45.65311405644111 51.758657638621266 61.868087495567174 17.611850195125335 27.36463658823402 18.501941184297312 21.089983337483822 86.25388929207543 0.40600843549312937 1
4 2 7.1629e-005 0.01506 0.775 0.08796 2.812 15.602 0.0584 451.0035928067248 672.6562016334898 2452.115538805936 3081.1118404190365 29.688295503007886 31.230219015948553 43.068619182942975 53.1212123830277 18.569696857357545 37.35191906204986 17.077090918966704 19.02722232634921 81.83656985763619 3.0683735161591783 1
4 3 1.1757e-005 0.0028199999999999996 0.252 0.02868 0.896 27.03 0.002177 463.804053035985 1639.4763653986092 2733.658520870382 3267.477489964639 38.103771095956354 802.5708665916333 284.5043892881582 260.7701428314629 18.057194509574956 15.325015065948394 15.318299517039616 17.941975171995583 87.05791788076512 0.1473914989660366 1
4 9 2.7701e-005 0.00664 0.507 0.05940000000000001 1.185 20.224 0.014505 472.6290411854459 1620.9711206234672 2561.3321563225295 3068.0584242758996 2.401027624118728 63.09911147449887 29.371728435428064 17.615041586919965 17.720028331297343 15.499967692414087 16.348914332189796 19.10817588613432 84.47899230304071 0.6014906519888258 1
4 10 8.498e-006 0.0020499999999999997 0.27 0.03093 1.53 22.225 0.006982 489.2167589205593 1933.6487191608148 2435.165647029369 2964.9919965997206 5.438122978534206 49.22504882487967 10.987411016130276 46.00032655148824 17.119200941683115 12.993570006295668 17.195955458341338 19.77239738496147 83.85221683450726 0.6367479969238965 1
4 12 9.739e-006 0.0020499999999999997 0.287 0.03276 1.273 26.106 0.002759 416.0047619269284 1565.1037887252646 2782.5837041807363 3256.310792335924 17.392761779479688 835.1504635524516 262.09298560671266 176.6531768075688 20.131981088887336 16.05324846888502 15.048963284405156 18.003502656435685 85.49994043706292 0.9741982086076717 1
5 1 9.308e-006 0.00199 0.151 0.017310000000000002 0.436 29.317 0.001424 558.9389862597637 893.3893120915193 1482.41145117998 3002.1444815167547 10.331548669951795 10.71997269775538 73.99629360517689 77.66341584547529 14.983746358511778 28.12323771948839 28.24789296296116 19.52770773056907 84.96055959105806 0.30819572313249877 1
5 2 6.429e-005 0.013420000000000001 1.318 0.14487 2.428 11.573 0.08657 482.84037677519245 741.7644460348718 2454.930597285178 3305.130664485647 42.08785264888206 47.33198147120894 123.34724812694839 72.95264026405401 17.345276830275008 33.8719389077039 17.057508691409893 17.737574078368056 83.55060213199644 1.518698366540966 1
5 3 1.3162e-005 0.00313 0.173 0.01994 1.002 29.016 0.00137 466.5346948612687 920.0183627566834 2387.9206459942893 3121.092520083118 1.3260527867579528 6.1645656949608965 195.60578647143186 38.26613799301297 17.95150519832279 27.309237529473954 17.536177372663055 18.783486751119685 85.98767581855222 0.5391735715077304 1
5 9 7.953e-006 0.00199 0.164 0.01906 0.804 30.089 0.001135 500.7992706108741 979.1941634789332 1341.1362968806002 3077.9896320783128 6.2167403839557895 5.614191638195745 114.84236860215822 88.56799814718026 16.723267168069533 25.658853919976973 31.223522991211745 19.0465228956653 84.78096655252304 0.757057359777955 1
5 10 1.314e-005 0.00315 0.243 0.02841 3.308 26.669 0.002514 494.792108648378 869.7701119173404 1737.370433249468 3025.794491884644 3.0565533421443005 32.842575804085754 194.89548271062932 67.56551505469999 16.926300669745846 28.886943406935305 24.10251676821715 19.375076581451797 85.89797537147413 0.45821814988717635 1
5 12 2.5628e-005 0.00529 0.318 0.03567 0.965 23.401 0.006403 395.51316708182804 741.953282457289 2304.9581678666223 3128.1225868621236 7.279763362601777 27.640720790355342 179.3131735476251 81.13892129235434 21.17502196397747 33.8633180741354 18.16735790860701 18.7412731988895 84.83131662467544 1.5264548350539802 1
6 1 2.0987e-005 0.00435 0.221 0.02501 1.23 26.113 0.002865 447.70207308577494 1149.41220712579 1877.2808761485112 2785.2192361501316 8.069833981355965 23.62033255106801 30.269376305003902 42.86723572350494 18.706636630640393 21.858998751046286 22.306198572646238 21.048612345875647 85.07521910303348 0.5115841421959018 1
6 2 7.6828e-005 0.01678 1.638 0.20199000000000003 4.492 11.45 0.113401 374.0593952168752 841.1605651425393 2462.8274098542206 3322.934553176454 38.96006609514941 62.95835520247286 174.8408238467475 62.37120330190489 22.38949243647329 29.869445907443875 17.002815476411584 17.642538263042013 82.54723984779156 2.6381876072170733 1
6 9 9.271e-006 0.00233 0.238 0.02741 2.19 26.289 0.002536 323.2877388036007 1286.8217866937468 2663.202193426134 3154.8357144318074 10.4912120961306 19.454706165658063 65.40985192839416 75.06949971584781 25.9057149244001 19.52484816452641 15.723552685321652 18.5825841047189 87.16830968877378 0.5200779314120763 1
6 10 1.6411e-005 0.00393 0.357 0.0412 1.49 24.637 0.003758 378.2196379004926 1479.239501250027 2220.6127630727237 3010.1985085304937 18.94976570512125 48.44358609996913 54.9713085547826 87.66692837279922 22.143218280493976 16.98507914287591 18.857407602240563 19.475459785746594 86.93391942936883 1.0567162368948897 1
6 12 2.8363e-005 0.00604 0.352 0.03979 1.805 26.017 0.003104 236.52614078736073 1310.4089495294231 2793.7057233476044 3202.427831602325 7.193034777222883 127.8093510225424 82.49144036405623 141.77102568148447 35.4083484054695 19.173403851540055 14.989051871155057 18.3064234645585 87.49647559630924 0.9701744358168191 1
