1 1 1161.0376987322056 195.18818503573425 -39.16429959586004 -48.91736257573965 14.354053527766842 -16.26687832583486 4.484278267605902 9.669048356051388 -42.47156217872986 1.2824532796814072 3.779993659720531 14.77479136857854 -2.5682092280722073 1
1 3 1159.6270672454816 198.03274206074968 -44.49958328820617 -44.81067419530354 -16.282971897506503 22.855859176920838 -13.58260532111748 -2.0946092740540068 -26.65897036879634 -2.3056858751284204 10.944782238094211 1.1184059723521196 -1.2558502053655047 1
1 4 1164.2988953318084 229.26036597157793 -66.0652234064423 -27.716504761339756 -1.0473574437488185 4.326469785769692 0.5110656983866233 -21.816549495177988 -18.59225445736749 3.1362530924331877 -9.90541630357416 -0.3363405454818342 -18.00646219721747 1
2 1 1041.7402037054633 182.98055168752092 87.29157699903192 -47.58054513128583 -81.56521298856177 -29.578513406355068 -31.325726218397907 -15.385004292074441 -20.17822978490173 5.1393067555541165 -10.26696729012084 13.184611650264275 -5.028065973083497 1
2 3 1093.9355241696296 162.2888958408472 88.54830782175036 -59.06348741112613 -100.66785339577615 -13.099052667240574 -19.291275468731207 -4.1622569664270594 13.505257762404577 -4.92512858243711 -1.096560122848227 -6.018096517676855 -6.592067674331393 1
2 4 1012.9192762500962 202.49742215829426 102.39745735947822 -28.782354743943042 -87.2774699203532 -21.84859065133328 -39.79787466502023 18.259084401707597 10.14809715493854 -12.529884973122368 -11.605288303402661 6.635622976356868 -16.15634394656647 1
3 1 935.7047925836107 272.2045154199907 14.210451678704807 -114.54874804889769 -48.92258269947139 -10.51807116511494 -18.84938221189629 -33.913151678389525 -11.655880344725508 -7.8247639904168835 17.16840051906458 -3.793893234714595 -0.9353115666218295 1
3 3 968.1539634501602 277.97548777332184 -2.0041088187243457 -120.46643313211666 -62.73473137793559 6.230649497214268 -14.414935852724415 -21.743807066752087 -13.942592744457547 14.275931971046624 9.013573995645443 -14.5006175873335 -9.366979690313267 1
3 4 901.5885573259369 320.54913723955 48.46460478390383 -110.03405903639401 -63.83259589211913 17.529943603707878 -13.02725272662017 -26.26498503296895 -7.772563915984459 11.605524517377779 -7.019894494674502 1.274600758036709 -6.523019170605723 1
4 1 1160.7194259764979 169.73649944604014 18.218548425705933 -28.74923049606777 -136.7181808155825 -5.359229449915033 24.575735468918317 -28.607906761774277 -1.454296473432472 -3.2161585602456357 -1.0288159452883243 2.745284155497689 -3.4514770195531908 1
4 3 1006.58023272352 216.60039430961987 37.769632366296584 -32.07849983267833 -87.02917774611191 -29.797099823852133 23.037137871836958 -20.0251243421469 3.1928001866744333 1.5170125190398838 -5.033557540599664 -1.7649661836632362 -8.718431794036892 1
4 4 1069.8087863613937 219.43208357803587 31.161871198725883 -21.345167968645104 -118.61968178722798 -8.520679494060698 34.56940716614171 -13.084433364132774 11.721872428590212 -10.954314925879292 -30.36826832210031 -1.862025621185038 2.8600378904075754 1
5 1 936.6531895007549 298.25067365970807 0.06345757852617039 -122.70544878335907 -54.94854081092107 -7.3993818036836245 1.6165734692418752 -31.54893042925518 -7.041239494069714 6.0889659911087195 1.7360242744719478 -2.4080781325405645 1.53241195889574 1
5 4 956.3185418845477 285.8187135375135 15.178449616268994 -131.11312366602536 -59.979034908297336 10.42636418947723 11.590041796762751 -10.01702223167625 -10.893008043174161 4.844815504753268 -22.225153236167092 -10.277394795904828 0.8030042679626639 1
6 1 1101.5523132880103 247.17671743192295 -24.699571713216365 -4.018220536732227 -53.73578707889626 -8.554989889528258 -29.28144149736474 -26.88725218957453 -12.455280649525168 -8.831837551724213 29.789902791213567 -9.110274798744783 0.9074783875713064 1
6 3 1096.1555838174836 206.71869930632138 -46.534821121164 -38.923895845824575 -25.705408587134954 -27.615961016757375 -25.24822815050943 -12.408984547965224 0.5009560486878983 10.703885069812301 -12.503738758855553 1.4660333688403986 3.026864355011886 1
6 4 1172.3946820680337 233.89748570209616 6.653757561078872 -25.45539587499117 -19.612254678786048 -2.458286622313032 -27.462048638181344 -2.9529691251391155 -27.864136363844942 7.412667981249004 -13.759380044819084 1.843791191935628 -13.456140673710674 1
