1 1 1.741e-005 0.0024 0.329 0.03698 1.212 21.219 0.010491 592.3729187791026 1197.632936696671 2500.163334818835 3499.763415954824 146.6318990522032 327.48277050343023 704.2858361848649 357.76908445861443 14.138053470204397 20.978881951343244 16.74890572820688 16.7511323001831 81.56639370256451 0.8112293320923859 1
1 3 3.551e-005 0.005350000000000001 0.246 0.02726 0.691 21.564 0.008339 568.6979230925762 778.3427803511975 2023.3375984634263 2735.106009334335 34.96077315770328 18.89391859617042 92.04754813899119 61.55203626002023 14.726623150752506 32.28012211877048 20.696002501906225 21.43426975039554 81.90996775610532 0.8734519494659705 1
1 4 1.024e-005 0.00173 0.225 0.025019999999999997 0.959 25.792 0.004987 509.01461130373696 844.1019421207315 1685.9545997231005 2919.170424849593 18.880307030969817 6.871749972253171 37.53276011210775 68.99456589141931 16.453358732766333 29.765362151490447 24.83756087315608 20.082760328397267 82.55519741642645 1.0806779190154117 1
2 1 1.9537e-005 0.0028199999999999996 0.24 0.02779 1.113 29.224 0.001399 325.02707137788923 1852.3749784301613 2786.323973882061 3487.521872142973 14.278338981251904 589.1673298921955 229.88183293238492 235.42121257649347 25.767084460059934 13.563668421656597 15.028762050831235 16.809930417433275 87.45071361837586 0.5935575098446425 1
2 3 1.0544e-005 0.00188 0.214 0.02473 0.522 29.586 0.001211 376.1740020739867 938.1536334000882 2387.9251720191023 3156.445819366708 37.158414610481515 643.3378045408588 275.3263052633284 249.09025700268393 22.263633195876167 26.781327818281877 17.53614413494906 18.573105117249312 87.74190144157033 0.24523021727804736 1
2 4 1.9348e-005 0.00346 0.259 0.02995 1.393 28.179 0.001758 316.79961753718874 1118.7135141795807 2480.3312274400173 3277.752315465031 80.67376426266527 876.6515722278654 366.2692685703656 385.9142800462888 26.436269289425102 22.45883300911553 16.882825784207757 17.885732159625544 86.53448495506976 0.7074633735416877 1
3 1 2.1755e-005 0.00318 0.221 0.025630000000000003 0.771 26.855 0.004876 347.1334273840783 671.2293175632944 2136.7249745534928 2971.4352284614547 5.03980216672424 13.40655008556972 144.02097888566814 110.07444228964233 24.126169764497103 37.43132092502918 19.5977491248028 19.72952310670247 85.86381030093448 0.8462604609862519 1
3 3 1.1445e-005 0.0022 0.233 0.026099999999999998 1.051 27.933 0.002027 399.2969576999251 701.0677602836481 2022.2394982118503 3006.04785975672 4.522372320429697 19.121743337514154 170.4647065448697 129.49914010489627 20.974364663939866 35.83819057637819 20.707240678973804 19.502350839066327 85.14170240475131 1.2363687299413875 1
3 4 1.2423e-005 0.00223 0.207 0.023570000000000004 1.071 29.26 0.001469 362.2016082279187 660.1611020135142 2157.3657957542614 3054.876862038674 2.870499192355492 20.83237428391265 145.5855409699128 95.67742298162898 23.122481539976913 38.05889187255638 19.41024562566572 19.190626217541407 86.07087188929518 0.7272158100441323 1
4 1 1.5932e-005 0.00231 0.286 0.03299 0.618 26.37 0.002712 414.6218448028745 1000.6493186392667 2122.605426916064 2914.3584338462315 94.2882486649423 686.8126069801576 287.3754883317395 490.5186907653312 20.199128687929512 25.108696455383832 19.728113133508867 20.115919620301995 88.22173807770086 0.29634996721037393 1
4 3 1.3541e-005 0.00212 0.188 0.021269999999999997 0.774 27.998 0.001874 385.8479755241905 1356.8513506490594 2422.290213174311 3402.3633147472924 105.21161251947359 711.5004886531528 395.2929092466819 320.9009941646115 21.70543978783928 18.517135269078132 17.287358786429042 17.230670147980454 86.83507641723679 0.6345537169496037 1
4 4 1.2739e-005 0.0022600000000000003 0.236 0.02696 1.562 27.842 0.002889 290.3775247641037 717.0562226863711 2098.9115916736773 2862.333667025746 127.87503670574088 514.4340326120621 251.72434948582818 336.4906760416299 28.841763861730225 35.03909345611979 19.950816492756026 20.48153947786154 85.18996957152857 0.44422334550379095 1
5 1 1.2689e-005 0.00184 0.239 0.02778 1.256 28.93 0.001513 423.86978138693826 709.1292133234701 2149.8218374561225 2917.4923239590926 5.591077322077247 9.331281440948843 165.5973349689728 118.02840830561999 19.75842668613054 35.43077837993285 19.478358285517537 20.094311652016536 86.96231076594589 0.5832767368707373 1
5 4 1.0229e-005 0.00185 0.153 0.01743 1.186 30.152 0.001187 464.1729182750717 599.5635831617756 2116.7480871453413 3019.4051705262154 11.32874762596756 8.526671655327847 114.05979809365125 131.54823756167298 18.042844962008154 41.905480428788344 19.78270359817491 19.416075911992614 86.1068348491776 0.3583967559703456 1
6 1 1.9496e-005 0.0028799999999999997 0.391 0.043769999999999996 1.04 26.182 0.004325 346.27240258214505 781.9978237569142 1923.8896726787539 2592.0920053390573 14.347204945986226 33.59749428501021 105.13987951473457 97.52111083426156 24.18616077269752 32.1292454233353 21.76580112397754 22.61686694733337 84.7349511801865 2.3838909578278584 1
6 3 2.4812e-005 0.00451 0.428 0.04808 1.251 22.109 0.008138 416.5255354970685 890.6623402673872 1790.1026160782214 2852.292102377856 22.920572848458406 46.31603399997926 49.99281900303754 79.36776237438731 20.106810474429945 28.209343613267833 23.392513716191456 20.553645242409218 83.34045517536295 0.8433501344507089 1
6 4 1.544e-005 0.0028100000000000004 0.266 0.02997 0.799 26.448 0.002636 363.4756987457879 800.309435741673 1874.3185198108488 2880.154852370214 25.029905391033097 20.58452729765529 44.326205061351295 32.85953418003679 23.041430359440373 31.394106926548776 22.34145347089987 20.35480833669577 85.80986009522047 2.4378158497522775 1
