1 1 1058.9913737921959 222.65611404191262 -40.315315737413606 -40.803890990744435 11.608740808562757 -32.262700546138305 7.094646711146644 -21.955452760425644 -22.34168613636425 -7.892158014008542 -20.14298389923906 -12.827111799340187 -5.50246192855951 1
1 3 1313.2660487436547 74.88946456167936 -66.03445518437607 6.7490373267368 -13.96040168682504 -39.259904285713674 23.964475381485123 -2.397770648722163 -27.203103637518346 -8.564634757870843 -27.936808640541063 -7.248651337425649 -12.345301846585619 1
1 4 1238.356741918051 149.24824991380822 -73.98512468430928 -47.84488150228669 -26.602447552030007 -15.969828328763189 -4.948432491878974 -19.810560159640477 -44.199902770794026 -3.565674625229561 -20.743394883220997 -15.66292888328421 -3.7183146396603854 1
1 5 1300.965553861584 89.01244381634645 11.646145085849094 -58.6031919235314 -23.022012480686914 1.21166619202647 -18.818106778608275 -7.970203957604853 -38.779857090307445 7.034041473177398 -27.265804916593545 -15.668662601518909 3.401766315950637 1
1 7 1307.267554966331 24.10627244405644 -66.62034791457083 -14.043862853211087 -19.65337418096849 5.883676523945852 -16.89591248252657 5.724451405796288 -36.179126390611366 4.959918205849886 -13.681979281059192 -6.6266978783409005 -7.407584702881127 1
1 12 1293.998414094869 96.15252624454439 -77.46465552587034 27.774803801901314 -63.0026262132976 -11.506499950714572 -7.783406883388961 -48.28950450784784 -52.064813336778286 -6.326382849964013 -17.56979142208082 -3.5491746693762547 -2.225300807222825 1
1 13 1340.495232515713 64.65358899382888 -8.747818285157594 -47.75907989629582 -22.994039104683353 3.5938872652872886 -31.048415061409834 -8.851473641549811 -23.148085302632794 -1.3198193044945172 -22.53738773630423 -16.144034828826523 -2.71119562184289 1
2 1 997.2775562922767 189.60026810682388 148.48191524586844 -87.58849661328058 -42.577948306764696 -65.214783857045 0.3390366011383148 11.233966173995475 -39.75748642607196 -16.596634962212722 -25.07542314039889 -10.674585570491795 -0.4376240870922872 1
2 3 1161.292867644818 106.8474066863296 121.09014256553539 -53.810270743645404 -72.58727949187315 -26.544000045391268 -40.349097658729654 37.20549860064671 -18.30597764814735 -7.978487718440809 -17.25624346807425 -9.175887660443282 -10.737310999544535 1
2 4 1072.4301024798679 137.60531213573083 121.67556067992443 -103.5002785618568 -57.42778163263365 -30.731101869008928 -42.495060710309616 21.323031786877195 -21.590551769670395 -2.0931240118789876 -47.58280696425412 -27.914229648555757 -8.474725175373006 1
2 5 1077.0746794213594 103.31214959773737 194.93748393058885 -124.68126665057164 -39.50325799526615 -36.88856280643016 -17.594352916299222 20.491305183245476 -35.545669387521706 2.546517250845206 -22.66421272361305 -17.457620149159833 -8.069389210056261 1
2 7 1164.7451282951404 40.04858658114034 108.46216419400913 -101.6346628433939 -58.1193066711564 -51.69500898832335 -6.446356037016221 19.0077074772145 -21.580858789030902 6.055467557769845 -23.84106374993051 -20.982740926285043 -2.6085874348358855 1
2 12 1160.9251036724093 37.86093307750068 101.65596819061683 -37.42881080669152 -56.83371529735657 -53.97954908379088 -59.177158728830605 -37.75169782046328 -50.86191489362605 14.108974095167856 -4.184645719737072 -2.780280434412231 2.4086054014915748 1
2 13 1079.1924647461105 79.30994365981337 172.56674036511657 -114.77255394048963 -37.0535355183142 -49.66002122787269 -27.62839409098245 -0.8202441286552066 -29.403103924682615 -9.73812262144183 -37.54910480326505 -24.714271545414167 3.042264403186921 1
3 1 1014.9189326921068 243.98515990105844 0.912977316045542 -119.63806999662098 -6.9927555990018995 -44.64368656403077 -8.886082562351637 -29.905925633445875 -31.16573514083667 -23.064747180992192 -14.185967221593737 -19.57240250464479 -1.1531705546342652 1
3 3 1048.9782638561467 175.63550234048256 -12.147792626684067 -53.2701245078822 -54.05405344142879 -40.908692450490186 -10.798044932202254 0.864534338075674 -17.301794867240236 0.2777442601608328 -13.878658124517527 -14.083916714676514 -21.44812563544167 1
3 4 981.230770899765 218.54298855050544 11.1985413072896 -125.7924357070641 -28.49757728562626 -38.11513181813194 -25.54512791641444 -26.66599251793606 -13.35886214590986 -17.02717992113268 -31.473404016059412 -25.69667075786678 -11.405439463038993 1
3 5 1049.3308551001085 219.95453388762346 56.47401029787113 -104.86246695528878 -32.641836647553134 -43.01759120178174 -0.6780788118119401 -19.801984078079006 2.416197500193833 3.3389196400270977 -22.784610038684956 -13.122229783329889 -31.360465591593613 1
3 7 1107.6611557891242 162.265033548485 -20.49335525686103 -126.0187305366978 -34.123003333535785 -39.41555286776182 28.023419187978135 -15.091093603499576 -4.5572230997596295 2.484246008246279 -17.701107958071383 -12.09495024653787 -24.50330839736187 1
3 12 1136.7989287944824 172.16601209369193 -58.28537626787823 -104.52518106063079 -1.2343141683831356 -46.46976432206532 -12.689607028305295 -71.70762350270746 -1.5929201840310918 -3.1849924119368165 -3.9574518874418403 -15.378393535264129 16.43487437165238 1
3 13 1074.3798611866102 184.6366541804008 18.227316330546884 -156.74530482679992 -15.367379662867219 -33.334373076690476 -8.140323579265944 -44.251560731520236 -25.597059311769033 -16.017314381559288 -25.430888081796457 -8.886947358779338 -5.520199457917252 1
4 3 1289.8639539492406 70.02031261107 13.645763783850976 -44.92726735295206 -98.2304028104383 28.02376160803589 -22.538210083200234 -6.345466223635466 -34.711461429626965 -23.42694019124827 -19.639930594469632 6.691180793333406 -19.568278767294462 1
4 4 1167.6738374585932 83.26787411117498 20.919557854422745 -113.29437754771398 -91.00563799937215 42.01471990443412 -45.86970820660717 -0.7035086628441254 -48.00411680423277 -7.282974938718574 -8.59596915576399 -12.132371743474254 -30.057122087114298 1
4 5 1174.3372393285931 73.70729467058385 119.99224205635537 -122.51356592250687 -68.49527550628207 -6.002857287980728 -34.26490914262543 -0.07927583721435934 -6.3543003306661285 -4.555533383402866 -25.133544262367717 -11.295896228247777 -21.138274105289764 1
4 7 1264.4475267613966 -7.619577691153701 4.372304029952381 -102.39255501432288 -105.05954690248038 12.632246242851545 -33.18758211594533 19.987122687544986 -11.108913182460421 -9.374904230639086 -6.783840353251472 -16.805230778179574 -19.738444649957966 1
4 12 1294.2007374087696 0.1658810840987752 25.788891585528695 -56.74025491039765 -81.94284507280477 -12.777409354792624 -14.520224187510848 -24.904520734027283 -30.805020371646343 -1.812210159446009 -10.891505632920286 -4.443155918995651 2.748346198388899 1
4 13 1194.4909490363257 71.72538473210057 63.5691307431304 -134.59783319424147 -82.06647297580386 7.936546955582632 -30.126879411209142 -1.783391171267828 -20.46581807487869 -18.26362334185716 -29.20786627843994 -14.012975549114666 -12.999879984325387 1
5 3 1230.7446562942969 145.9484563709509 -69.16048284300706 -56.38018877395326 -16.458688726082972 -22.345619897885314 -10.286819796764147 -3.1743247050965757 -22.632132931523 -9.977429078261105 -33.213245513326505 5.469236562405393 -17.231615588821313 1
5 4 1073.435004499278 215.46792951893272 -53.90052831390132 -130.360738203005 -18.795960599968737 -12.17736848386909 -31.477076697569004 -5.360118107351103 -35.18147473809917 -6.332471028211562 -11.045084470461342 -22.0887670932735 -14.916621998402459 1
5 5 1125.5456711822828 179.89504640101737 36.3441280582006 -158.45842893193355 7.926854312554615 -39.87247387073341 -24.27937318874666 -2.9157899368491704 3.7473537085855484 -6.4587808121666335 -33.40268753026061 4.39035079227416 -21.081368923872574 1
5 7 1175.7873389305682 121.33557453863583 -99.68264200468086 -120.33397001187356 18.552201381875868 -63.051937831146404 -29.388757117568534 -19.64253036586452 4.411711320218318 -21.2956888513797 -60.42090625060718 -3.6116645157328806 -2.7279092729545145 1
5 12 1216.0041376183297 63.273259172319975 -94.59161533598186 -121.72691683883356 -5.316415380534015 -54.27308291241054 -3.1711341054261797 -47.26270620164126 -5.598934481323911 -17.22255106424566 -41.43695663780038 -1.8174487746481744 -2.76408891070047 1
5 13 1086.2221298155298 178.524966958105 -2.3346813072945354 -173.31521518074675 1.0192986089951739 -36.60801516233203 -23.076312721810275 -14.916069615803675 -3.8927997997718085 3.512213105119662 -19.997786788181394 -35.79977639061573 -14.114318164802782 1
6 3 1227.0173851973855 144.78609024434056 -18.656949682376915 26.280503361537512 -68.32396090515135 -35.85846851754494 -44.840164845473346 23.597593510344204 -12.238848065426808 -32.99764053006246 -5.626500979269436 -17.849755752512483 -16.529019462310092 1
6 4 1095.4724171220646 191.45281284635365 25.721525778696172 -27.711701964540953 -21.834108960692053 -17.81032162978564 -38.97802526422628 -5.233634998661304 -17.59859158648713 -50.79441539281528 8.80794196485377 -9.104359154721646 1.218679527325956 1
6 5 1162.0799200697236 137.1629117505227 72.04428788841868 -91.89191064081837 -51.3358536778183 -36.26490374073776 -40.302256911073734 8.254939354283382 9.51351858074647 -47.13596672406014 -6.135488055336804 -27.15099323263724 -8.847131478041415 1
6 7 1326.1123969598802 89.47743361048306 -74.23101848973387 -17.733267543084487 -63.7810283564111 -37.419610115302795 -31.32450112139858 -4.635477505851142 -34.148663847054216 -37.64374176189554 -12.834373498614175 -15.516517713286586 -9.615103779458908 1
6 12 1283.3446627605383 64.67938935357385 -46.70467973049583 40.53747684751617 -61.11444057449863 -48.47062929443318 4.111997302423847 -41.046831671808775 -15.263324066456088 -26.804530475902745 6.890897614545872 2.560054540843255 -6.217771434932375 1
6 13 1274.788018771761 91.46896553440448 21.94712310847955 -88.96113193914074 -36.111183126379515 -23.20829613120885 -28.948303127235068 -42.74116438969042 -8.969499337333332 -39.58413327126554 -19.017002775187116 -13.119031692001949 -4.145371584248197 1
