1 1 3.8104e-005 0.00784 0.61 0.06989 2.547 17.378 0.044795 529.663783264215 753.8906617610351 1728.523271358653 2841.62826022878 62.656711684314914 83.24211648234737 74.43090133705049 132.0307499595767 15.81191741747284 33.32711396279904 24.225881533596848 20.630777368212154 83.77567654121572 1.0772700967223154 1
1 3 1.1143e-005 0.00217 0.221 0.0257 0.944 23.499 0.004934 604.3431228298238 1410.718934499592 1794.752095132447 2996.0688908957827 7.70076440895309 21.995097320657603 82.59719058272805 54.04363089745145 13.858021517286804 17.810067892022943 23.331913144756495 19.56730707299322 83.13314681579692 0.27284540463079476 1
1 4 1.7431e-005 0.0037300000000000002 0.443 0.05024 1.38 18.848 0.015643 681.6224486262744 1036.1989043909875 1766.41277043028 2798.1820577640756 42.92168402855245 187.74266521427728 156.0476618088352 47.24803087769931 12.286860588114102 24.24727520317819 23.706237127010624 20.95110281953744 83.45817733901319 1.7732611143151076 1
1 5 1.0391e-005 0.00218 0.233 0.02661 0.925 24.423 0.003931 555.1363386952927 1158.9265507393739 2544.0536131049826 2841.9227297373986 16.971260016169065 75.06730086043531 119.89436311318818 60.7787296916898 15.086384039789785 21.679544733849365 16.459951859619867 20.628639683464268 84.044846791331 0.33961216696354984 1
1 7 1.7519e-005 0.00346 0.448 0.05085 2.674 17.515 0.052278 747.5220700066309 1490.7255561616576 2183.4346954429957 2821.6376713601735 40.68757116207472 36.09499103623565 182.93666674992966 65.92669735674478 11.203682588161858 16.854208942853457 19.17849894361233 20.77694120511928 80.82206364541523 0.8903613586595938 1
1 12 1.0489e-005 0.00255 0.354 0.040670000000000005 1.126 22.626 0.005839 601.2862779312769 1210.0913610223306 1746.0589010289477 2686.575168692934 54.444917291881616 195.5791702390442 23.910605216132527 85.32648621437532 13.928473519825124 20.762895107997018 23.982581558573525 21.82146276164761 85.3791028679948 0.40219975592733404 1
1 13 9.287e-006 0.0019500000000000001 0.243 0.027999999999999997 0.847 24.053 0.004254 622.7301435579781 1194.8743136986582 2562.0540598441053 3041.5760213008475 8.611158779835643 35.69040310441528 25.383986489654877 67.44818716259915 13.448843109070184 21.0273161887857 16.34430773976252 19.274547007681484 84.62055665039942 0.19689933341819654 1
2 1 7.5907e-005 0.015269999999999999 1.048 0.11266 50.391 14.092 0.06945 401.1765881037287 2090.161491367522 3154.413418571223 3610.264199727161 69.88682509207413 1049.9373675631093 243.26600356348243 190.4368569381527 20.87609359156958 12.020602285405976 13.27505131491835 16.238423770878175 84.16795956523531 1.5984267309007836 1
2 3 1.3471e-005 0.0027400000000000002 0.298 0.033710000000000004 1.377 23.271 0.011876 397.9911767313899 1387.0700548000327 2596.61721523733 2915.378449968006 4.712712699012833 127.31122083599297 36.754795622429455 59.02675175934455 21.043180074447758 18.113721014344982 16.12675128019308 20.10888157612723 84.41935680076432 0.5754403670477027 1
2 4 8.5755e-005 0.019850000000000003 1.062 0.12433999999999999 1.129 14.259 0.042638 424.14249489403124 2486.26538864957 2969.1106076870838 3604.35301064188 84.47980082335724 724.1486330741608 84.5248710655787 224.88733766383555 19.74572248907158 10.10551814569031 14.103550029960093 16.2650550117897 85.17351807161889 1.3070370756018488 1
2 5 2.363e-005 0.00519 0.439 0.05015 0.909 19.83 0.011498 402.4038221537396 1974.6808609559791 3039.975624407327 3486.194050069127 17.50013141994992 958.4563017164014 208.92790030907602 234.43972718981448 20.812426569845815 12.723574982053822 13.774781502783906 16.81633298606471 84.2112572655499 0.6604976028756054 1
2 7 1.1717e-005 0.00255 0.386 0.04403 1.38 18.695 0.015505 431.87774108300545 1981.8693952960348 2790.905981541464 3234.8563863816617 7.5974316308973115 110.25449562077621 17.80082660224922 20.746100115440765 19.392062158606024 12.677424687839757 15.004088377377636 18.122906552143668 83.77498531482603 0.6417621978138817 1
2 12 2.0815e-005 0.00579 0.391 0.04449 1.115 23.749 0.004666 291.31465473260755 1836.4314782160925 2679.2644076713204 3124.743176672986 4.349456207832911 54.558016016846295 43.86651449728529 31.7810947176677 28.748982805850467 13.681425252199661 15.629289845415297 18.761541888514472 87.02541049253718 0.9569450195024667 1
2 13 9.319e-006 0.0022600000000000003 0.616 0.06904 0.702 19.564 0.012701 394.81587053128635 1925.7771889780606 2980.993398538009 3404.0653902635186 25.72642251835356 774.5209904852452 187.13512340465056 179.76484472023026 21.212419826817325 13.046680656412239 14.047330671895171 17.222054596155 83.79669114292811 1.6375272880740015 1
3 1 5.8429e-005 0.01509 1.72 0.19353 3.01 11.125 0.137721 446.020636770172 763.7024138902793 2588.409516214731 3356.747186514364 54.992408509425594 34.61021959612515 134.02080660380034 60.93167458605741 18.777158071982925 32.89894014085137 16.177888289190676 17.464824350050627 80.7424702605286 2.516890474823452 1
3 3 2.6897e-005 0.00565 0.393 0.04419 1.117 23.268 0.009471 421.6974811574758 974.986776615416 2027.2121711796167 3069.948477776728 4.72986829995356 70.2167496619494 125.55251232266676 97.84814813986482 19.860208737819086 25.769580267764564 20.656446619316277 19.096411690419156 85.11615502549392 2.4142504126252877 1
3 4 5.3372e-005 0.01291 0.974 0.1093 2.445 16.046 0.032129 465.00641821081564 748.5713273773797 2300.8008109050043 3246.074352755282 17.713263909582924 73.09324153433127 135.10266135233897 57.67452147741676 18.01050409631788 33.56393583497976 18.200184823269755 18.060276392079206 83.93012247487476 1.4215618788480033 1
3 5 2.9219e-005 0.00624 0.406 0.04662 1.535 24.053 0.005655 418.81598962936266 571.1074325163993 2712.365500833327 3229.247821883995 6.676970951647267 60.61654248535172 125.99022937675389 24.975556740762848 19.996848753104146 43.99347402868643 15.438553538280381 18.154382454858244 86.8644090502462 0.5217079869564858 1
3 7 2.6165e-005 0.00611 0.542 0.06354 0.907 21.946 0.010126 472.92879042503995 854.5190682250634 2279.7599572234976 3274.6894376864875 4.583398462127012 62.020526021367615 114.32738863103418 34.51602513139375 17.70879711610083 29.402503623690436 18.36816190551888 17.902461016705622 86.67285391126569 0.7916367117646669 1
3 12 4.2355e-005 0.0123 0.464 0.05333 1.56 18.832 0.014322 379.80567690573014 872.3055170859927 2056.6076174204723 3432.957959574249 19.424569495786635 5.3572838924449915 114.72134222896737 30.669700835731355 22.050749920935807 28.802981877189197 20.361200476599556 17.077109795795636 85.26278763379274 0.6296449447637219 1
3 13 2.1802e-005 0.00294 0.315 0.03644 0.483 22.659 0.006089 460.12519321298635 745.217486043846 2885.197944339412 3235.186535050522 9.003638246411168 9.723501710331053 101.25519536574222 15.655855457522966 18.20156801569288 33.714989879507115 14.513735559168921 18.12105712138929 85.96076216791145 0.18185922280440955 1
4 3 6.776e-006 0.00147 0.267 0.030699999999999998 0.741 24.523 0.00386 548.246937741191 1120.9753382525714 2266.937080884244 2721.8742352678064 13.11099133695478 174.49241436489112 46.51201672797466 43.844545542613545 15.275963117104645 22.413517177965772 18.472060981801132 21.538467589863448 85.49638874680154 0.43932685127203897 1
4 4 1.6876e-005 0.0041199999999999995 0.387 0.04494 2.156 22.186 0.008446 508.5881075657137 685.8926003679591 2382.919891870753 2880.2714977156347 72.9870057746404 52.158521127265196 42.01802042522583 35.55983429320921 16.467156576046918 36.631099368211956 17.57297848864122 20.353984006888215 83.34466263658699 1.1761183711786027 1
4 5 1.1105e-005 0.00245 0.292 0.03345 1.204 24.837 0.003612 442.8070164405246 1859.6910524784407 2572.8880469334213 3091.9254253302693 3.050682510725257 149.13943678009178 33.13675460800175 12.495741462737922 18.913431108932944 13.510308589437747 16.2754846834125 18.96067722711581 86.19712327379537 0.38874824843956707 1
4 7 1.089e-005 0.0026100000000000003 0.241 0.027469999999999998 1.454 26.028 0.002988 497.7375240608591 1559.1550894594718 2429.1296363573 2919.8901652016284 8.48090426800053 79.06928330062442 16.036729099730906 36.945324574894904 16.82613746231433 16.114496992541223 17.238684742571152 20.077810014457082 87.12961699453945 0.6629847181637032 1
4 12 2.0658e-005 0.0057799999999999995 0.286 0.03266 1.087 21.69 0.008834 469.7524170421374 1693.0186655392463 2299.1400932621605 2981.1639767586857 18.053362025269443 23.97923947173644 20.08467568063597 29.284557015475798 17.828540516586106 14.840356170554914 18.21333120270422 19.665137663356877 83.05703947434103 0.27695291600685695 1
4 13 9.678e-006 0.00253 0.252 0.028730000000000002 1.676 25.986 0.00306 521.2223265861935 1290.0668380978652 2474.3958179406286 3110.3266232117962 2.673976657246884 318.23520999584264 23.887802715190244 21.802761587977823 16.067999340805372 19.475735099931313 16.923323138676903 18.84850277861251 86.21392279693986 0.39171154200391906 1
5 3 1.3303e-005 0.0028599999999999997 0.224 0.02565 0.983 24.764 0.003625 557.5845187260379 1037.0496198341812 1847.1717508265824 2935.265965883799 10.666120454575317 14.221514071342549 58.83823434649702 46.05022266050869 15.020144424266109 24.22738461060075 22.66979233591113 19.972636442963086 84.79032973669828 0.2676064202878583 1
5 4 1.82e-005 0.00459 0.651 0.07293999999999999 2.942 19.155 0.013334 511.43788720801905 775.4319533212258 1896.05694500669 3107.275236317141 35.3877150370047 12.973638432720604 216.59736423306092 62.23460237909198 16.375400042651915 32.401295680927234 22.085307147698693 18.86701226682595 82.31552189187491 1.5674750326822988 1
5 5 1.0605e-005 0.00232 0.176 0.0202 1.158 28.932 0.001395 440.6641759804786 846.7837740630738 3028.9615666052578 3160.40426067784 4.1098615243773615 15.48169376935929 35.854917166452125 61.06166135877336 19.00540242774582 29.67109286877825 13.824870035221963 18.549842097550577 86.15904988483102 0.8859274995424629 1
5 7 9.484e-006 0.00248 0.236 0.02698 1.103 26.48 0.003321 550.2646266711228 1045.4420406803665 1828.1665167002716 3123.5415188710635 6.965050726518494 6.787703929270213 131.9654116782775 32.804349483104694 15.219949809722177 24.032896155246274 22.90546272315599 18.768759642160525 85.21686771111023 0.2867083313038164 1
5 12 1.9373e-005 0.00534 0.289 0.03343 1.748 23.588 0.004915 573.4458246065946 1006.8853485743816 1989.0182210627381 3278.0800044159305 16.11932342220127 46.027836259170435 118.25381700793496 21.444118933452227 14.60469261546296 24.953188598457334 21.053100246425128 17.883944235963046 84.93134510480901 0.8526526097089273 1
5 13 1.4887e-005 0.0035099999999999997 0.218 0.025160000000000002 2.282 28.026 0.001677 473.37189709601506 847.5021657235452 2991.6004709681906 3196.0503097245096 3.43974232329671 27.129049886806857 83.8836160341532 79.54808762890656 17.692220538181378 29.645941941103857 13.997524203640644 18.34295280697672 87.13566741377038 0.27672866620551295 1
6 3 2.5186e-005 0.0055000000000000005 0.402 0.04607 0.66 21.527 0.008029 399.07077729823453 1308.1494108598972 2153.0747575104747 2552.0129686791784 12.302686356948447 13.57604939628796 91.84290967322013 61.949056278444445 20.986252255050925 19.20652166443615 19.44892988686496 22.972061944631104 84.56487846033593 0.5678696446365219 1
6 4 8.4635e-005 0.020790000000000003 1.087 0.10991 3.225 13.989 0.085793 368.6362086423466 1079.3969174200104 2275.441470416853 3230.6142557995295 53.27770190252859 178.29858981901654 110.02275923687509 82.68410511103714 22.718875150231057 23.27688693057798 18.403022246196755 18.14670380246037 79.5030373471832 4.694405158288568 1
6 5 1.5557e-005 0.0035199999999999997 0.223 0.02566 0.962 27.004 0.002245 434.5173668299223 866.0244769759652 2472.875387591006 3332.161115729067 3.7310082961671305 91.23915611563803 24.958863285173866 62.120057121449705 19.274258382584097 29.011882074895784 16.93372832700367 17.593687088918873 86.94280930421213 0.323457935378842 1
6 7 8.45e-006 0.00219 0.242 0.027719999999999998 0.764 26.301 0.002451 499.4223657525728 1319.4245291757152 2147.674399912133 2682.2481388427873 6.274954576694937 10.72144218511928 44.10137592788883 86.79923645540407 16.76937312845376 19.042392682889073 19.49783449563547 21.85666536627473 87.70174268683009 0.3574646812485684 1
6 12 1.6989e-005 0.00455 0.356 0.04124 1.227 20.468 0.009658 417.36245915252937 1505.5602957012243 1983.1036562267514 2822.2199647678367 21.0116776559382 32.12007649282896 36.15291424503059 172.0721757576906 20.066490927348287 16.688139340376182 21.11589067395272 20.772654411018827 83.25849448650551 0.6146349400668808 1
6 13 1.9685e-005 0.00501 0.54 0.06079 1.615 20.634 0.009213 458.7138823595364 1199.9191743459332 2544.1680484133335 3468.979390923433 9.671470188781917 79.0090123229759 96.85077396766292 26.283000392734394 18.257568218604163 20.938910334269345 16.4592114998517 16.899783306119378 87.24683478510899 0.29402692771858685 1
