1 1 1242.763267452174 25.236798608724857 -120.07447771530275 8.681358512603627 -47.63248834528653 14.634034781825507 -28.36550334510343 -18.70741404160984 -34.257820913371305 -22.926716260866133 -13.018633846286072 -9.965276229011659 -7.470489803748471 1
1 2 1267.6282833830342 67.78941862451349 -86.0286747410785 62.413454852304476 -58.61098463918905 20.51410813795144 -7.562211085947286 0.3185246659446623 -32.65416282650289 -9.828006796000341 -3.9290813521246584 -11.7148134193287 -3.2342950671185093 1
1 3 1133.2167044919106 190.4198444302187 -31.8804228800163 -44.545801243578126 0.708187146285704 4.764976725269692 -7.250044522876017 -17.763171929838617 -20.339095043547786 8.957106088484496 -26.319886464601208 8.79335260787937 -12.536972725780233 1
1 6 1198.4692072554033 184.4268922195207 -22.87196547972307 -1.4436110228022476 -11.996693963733051 4.880431573348138 -6.099505493490405 -26.956609144780895 -26.750430575643573 15.705815003563453 -16.223442083033504 -1.0518644123972445 -5.243886738928505 1
1 7 1339.3720192352064 112.39803904651671 -27.181072214531778 4.006815276089737 -41.96853266933705 12.670959848067335 -10.860434542883262 -27.89554148736181 -21.241330028123762 14.897211236698425 -28.958311514333374 -5.502350150256301 -5.391001836679926 1
1 9 1275.2041705043648 52.04813552107762 -38.89971752041901 -26.82830142505504 2.6286975675738553 -15.580404456915135 25.73209654324602 -54.5429874896679 -34.832546085241155 13.720062930542062 -23.587926220261867 -18.155794259361947 -4.131235591442471 1
1 13 1204.3243489012118 93.48162855818697 -29.4956648582827 91.27152221731741 0.7691435401750443 -50.98527279893487 41.577093731132706 -36.668883286691745 -44.03304619615972 9.800474319494574 -31.848719774549338 7.763876979741493 -6.7951738841815725 1
1 15 1090.763895395527 184.58937193817192 0.48617773116552343 -45.021351699610065 -19.2758978245572 14.602919378922833 -30.954481958115373 5.240103539176965 -28.700389485607154 7.1935389331575115 -8.951187909513447 -1.340797395330113 17.093583085869316 1
1 20 1120.6906198540205 160.7089266527479 17.281595802631188 16.0269064065585 -70.00154372733951 31.57380085343683 5.79478713557809 -33.14752988633832 -57.1965642200871 5.941771945732052 -8.663580303075653 -22.44811570851157 2.094657088560474 1
2 1 1190.9889454876661 105.99284846206396 25.952365733172638 -56.28075570700635 -64.80090432190985 -33.397185652953056 -26.869405731655757 9.97727024246157 -39.129474867277565 -2.307742233329428 -43.047964764746965 6.007541307514197 -22.460977600475964 1
2 2 1140.1422046509729 93.26066891449868 111.47664277739106 -60.094522662304925 -51.534842127959706 14.600699447136439 -57.03347287550298 30.61530934091429 -21.886359415882737 16.180540701631767 -27.76732779531201 -3.3152098750681422 -11.564579557692513 1
2 6 1077.3064697374962 204.01680264909794 100.48706652290763 -23.344201961865384 -37.2922329231382 -17.118870377958608 -13.347753328352669 -10.62853961517494 -15.114153646955998 -2.0332789695340305 -1.7408392055070048 4.383386275123396 -11.795525766335892 1
2 7 1013.0758658049787 138.30802868531524 178.81087256544726 -84.98113063437 -54.584501485796366 -26.161337569837336 -27.818716618752056 22.157245563602444 -21.684599291500877 5.819776619362905 -16.270960913741852 -16.472642188164397 -6.136088765166854 1
2 9 1148.355449093073 85.0967065286399 152.84498375131102 -80.0907491206756 -67.44257476452093 45.17923580724837 -58.83718239554375 26.523653815035257 -51.9970685410575 15.229534885456317 -22.827810706482936 -10.36385766679698 -17.299635189852978 1
2 13 1059.747673480588 151.36173040569008 136.04174323733264 -9.771045746923484 -57.88224797750907 -47.74786904670666 -33.82573204456487 9.97105967621043 -45.86101803578674 -12.299814496845151 -32.247034297407346 -5.319930638642002 5.723324341810057 1
2 15 1058.8330871458365 108.43164745566453 168.200413795619 -79.71964849409243 -57.115403297269026 -12.051172410149555 -58.08074955195916 37.1474394967107 -25.497365792466262 13.816997138166247 -35.190035924202505 -14.122101361983487 -10.817719169129083 1
2 20 1116.7782812834566 137.81097495926878 134.01373058760657 -58.345066771266154 -86.32102320411511 7.504024332324877 -42.924489810962825 16.674206788283673 -28.173284147919528 -1.248494527787341 -29.558500471095098 3.842228738564924 -26.718145060884343 1
3 1 1132.250593518899 195.18491396160158 -70.54221263437645 -38.85194516883898 -38.085597070022075 -30.405241682749818 -21.219517030846106 -26.58915151134062 -16.7562077867798 7.2674254418189905 -26.57964672109104 -25.015174650080645 -26.786203161998294 1
3 2 1075.41744474815 175.57200620875022 -0.1299336134106418 -56.14076044656464 -54.43591160570377 -7.970006287504364 -17.25274993124425 -6.00580325777848 -9.601445488960847 -0.4545417917947548 8.65083772631696 6.0820259774859 -10.199349615243106 1
3 6 1015.3873093052014 190.56603172400844 54.07047179773557 -75.31315286854391 -7.403691807619473 -19.23381307556738 -2.924060169955432 -1.6008936714165547 -13.714713377761658 -7.738576003266602 -0.874181472023362 -8.446734477610372 -10.146155595745098 1
3 7 975.195929711482 230.47887486421897 62.535932296157156 -63.18716709872054 -16.28478400081134 -0.6552837706028145 -15.386092234008034 -18.947838679784518 -6.095293349356503 0.67770559028405 -2.926370682924591 -20.86501095667825 4.490572469240201 1
3 9 1018.9002594135688 212.68669983871416 -8.537880617826037 -24.644496757848387 -7.919145170292012 -28.129478345202067 -29.829384869978664 -15.731111661155435 -23.533120926972597 14.642483656148263 -6.5933673300469025 -16.1140556935135 -21.326560178514892 1
3 13 1041.447794814558 214.20259188359282 56.99355718329822 9.689033149483167 -33.3548856732071 -52.93688013155419 -13.660488004813306 -16.761276574116618 -23.791586574980318 -16.148197197542583 0.04190282854735236 -23.258560662697512 -13.360882292886433 1
3 15 964.8836360140797 259.4845164356943 43.76480952855335 -91.70868285629051 -38.84996540409102 -45.69173427157378 -34.55041327443287 5.866567576175806 -5.102554756170413 13.147644308467946 -8.559049616844502 -14.810637442021935 -32.82889832735505 1
3 20 938.1389591259692 196.71678349877098 23.17590335605533 -20.70635774011527 -46.10129026903311 -31.965500718035457 -3.7800268340541523 -4.075936585515819 -22.61091279355271 -30.102488360932565 4.120108468670802 -17.23123429266239 -5.893184086787832 1
4 1 1206.014189354385 156.8577118513238 9.404617510642613 0.15032965945924837 -55.18529908020237 27.277219381823905 -24.251704039648352 36.827939527445814 -21.555639923413963 13.36964450850573 -21.012510208176355 9.920825858207102 6.830291586398676 1
4 2 1330.9257746642395 75.2191268504746 14.729362125123963 -59.692124075051844 -44.88995769646827 9.104547641310997 -36.312978239150446 17.072469068427743 -18.023071087658458 8.990008989024544 -0.5928951387314649 -16.749016302312118 -0.7605891991354612 1
4 3 1046.8499675644734 174.13792839094555 82.10888909881264 -71.7278454975171 -91.26285044714712 35.710548288383436 -30.684738407410443 25.52687454436386 -29.26119607049998 -17.559477241275747 10.327662831565535 -22.179280040297172 -0.3760519967364737 1
4 6 1074.079509504792 199.18060072631192 99.93266944508065 -70.96986284696702 -46.571152522617226 14.543463174767089 -17.10589437855518 18.369188788881132 -34.04901672781275 -7.734667070595314 -7.8185632359481 -12.636490151252296 -0.7566521416018498 1
4 7 1093.095745203553 135.54906584260456 153.88978728035775 -93.16735936055282 -89.86153803693588 7.429049054084184 -34.02322850605323 25.672147072689512 -36.967706570544685 12.283450343514628 -13.13122554280648 -1.0485382325978905 -14.252729279511815 1
4 9 1177.9870686000054 98.38754483822588 92.27818232361795 -79.45395799395907 -86.9248780497394 64.11617863621326 -61.1233703743857 14.491870415968283 -39.148879343660134 13.16100904644311 -20.063014790575153 -10.52940854415859 -21.064546820801773 1
4 13 1145.756478966076 117.10516391697298 108.75847944657848 -5.582530691459717 -57.4830135977667 -21.264118251268968 -43.20792344727382 -7.950742759272922 -19.722278583183385 8.204724808519916 -33.33705837993997 -8.557137154783975 -9.569885103528359 1
4 15 1045.9877491667357 158.79558097230074 78.43530358404543 -62.41695871139011 -107.85499760349707 -19.582814174879076 -44.947194549525854 22.255538987816255 9.81076743681092 -15.365815566106036 -16.28881382466433 -24.156817658274544 -8.583682820595135 1
4 20 1218.657027837085 105.72220210856312 64.53443819425239 -24.903525926351623 -105.34488011918845 22.82082609012296 -33.658511139665535 10.476199772532892 -28.97240015686249 -7.231962288349482 -6.979359574392021 -21.790383455148657 -8.955213739613413 1
5 1 1160.2294911018475 226.83213840135804 -69.28237380242649 -22.287017661135966 -2.432381721300824 -35.869498775626006 -6.474262847460058 -2.741337321718785 -7.654029816823115 20.071445343753375 -33.87360930262166 -6.014983418923111 -14.415302253068694 1
5 3 748.5288681179273 191.15419816685537 59.50371245991963 -91.60115856417515 -16.586151885782357 -0.8955557407104417 23.93525846966095 -3.9373144881614315 -19.455818408290636 -33.47509252243404 -21.3027714888903 -22.322163074514975 -1.1253640621367618 1
5 6 1045.1062235307131 251.91735070610804 36.36719406017437 -105.54119046421778 -10.060910554030515 20.62165762315565 19.1297547307652 -16.11599735682442 1.12484561531923 -19.223964049521925 -6.085238594565335 -6.15752549877879 -11.277700773853027 1
5 7 993.9855679174664 244.5476822114295 71.55607584935656 -148.6410224517951 -21.05525204139606 10.902342951647203 -28.875036158341413 -18.392051241493636 -20.891704649410883 29.595949385458947 -25.664546066798433 -7.931557116484753 -24.53475829430698 1
5 9 1049.6311533985408 218.3026618861279 14.594930714313632 -64.68714775624468 -49.20522123502626 35.441441660361825 -36.973477608495116 -18.057473812989354 -17.431526281870774 -0.6544572931942065 -13.03565526625707 -18.517403697499837 -12.477483474682542 1
5 13 1120.9156877084295 196.39763388002245 -3.435052003710526 -49.48690947137294 -42.30039667074799 -27.595252943037334 -2.3379928704880086 -18.107536335028264 2.118657428866513 -12.256076718250652 -10.289270373789986 -27.660880131149128 -5.941449176293885 1
5 15 976.758529276376 264.8096631910073 32.87353039900895 -131.8142986746538 -32.68327742016347 -13.250917444392334 -28.464719521096896 -18.0857147525265 -2.013083324202673 17.458419387700275 -15.396111557051926 -16.09495579867215 -20.10870574504927 1
5 20 1048.5262004476722 234.49549399977323 -16.921605746797205 -67.2432496796745 -41.99359159272111 -1.3492881909696068 -7.257719830117242 -18.007065939978013 -23.841107782954353 14.301550115856404 -14.951334709885622 -23.32530550597778 -11.147650878372335 1
6 1 1231.5749549576483 96.07425263458364 -38.1213305254011 17.119738146418417 -33.04035594287371 -34.10173952280688 -53.7720207204305 9.670629482792005 -12.77634119938855 18.539240593061308 -44.56366188962451 -10.71923368280566 -27.9145489624237 1
6 2 1306.0584233035433 90.53942950595791 -42.08988333310144 20.818139596958417 -66.3436908106545 -2.188681348895945 -52.478217756305774 27.663159690259647 4.454162714140941 -13.06079984632911 -6.471434692871977 -0.5543380459950873 -5.0846544129178755 1
6 3 1019.5496927459888 174.263423738777 51.20749101252986 -77.13871871487379 2.6213222878601523 2.521418734081754 8.664376422055382 -21.07485344064126 -13.325329777958217 -20.06993526570408 -17.220119955592327 -10.751810561325264 -6.678327333704283 1
6 6 1002.3252402419592 196.19255434810765 56.73354723030903 3.7323655695499918 -59.25242042778735 17.818434931825415 -0.45952406407956403 -2.4268182586959117 -16.344897655257412 -28.603449334302315 -5.460510490661961 -26.522898811560033 -5.221522024691441 1
6 7 1136.6507759419133 131.85312115597813 73.41217130309803 -88.16487564852652 7.29530942210826 27.413173456859525 -37.55550703577006 -45.16190454677527 0.33720860089999266 -12.936059697554224 11.826918243228272 -11.12196609432721 -14.336831476579484 1
6 9 1239.386214629717 109.1291151647005 -9.98055719780552 -54.541474504240185 -5.232562647998383 -26.931486738330747 -19.874710638528136 -22.389364829051242 -23.957221075786602 -1.0646620612216748 -6.663457767739042 -23.632448697504085 -26.131853788838747 1
6 13 1162.6145292508581 141.77457716903461 -4.123423465233158 38.83108085548629 21.923643180846867 -43.91366617714585 -29.48232501975154 -17.517785116182583 -22.636373382850547 -0.6786974691383889 -0.7575423228851351 -13.82078695888876 -17.930821333832018 1
6 15 1169.4074373196922 155.7983396612759 61.25397307119229 -61.52412706106141 -35.50493891536997 17.88208433269187 -56.12693926753882 -10.151944605897016 -18.679355921060317 16.740247101187613 -3.205385192431443 -22.52389516541627 -29.395770917121446 1
6 20 1195.9093553123055 140.73033267605388 35.29991709076175 -45.033270023271186 -5.911968824361209 -12.020708474429888 -32.548970060808436 -1.5219390644913984 -56.914336163724954 -24.185591439846863 -6.421317953387394 -6.6913734367889965 -7.1819874515251065 1
