1 1 1.3079e-005 0.00305 0.303 0.03479 3.074 21.637 0.0088 723.2753006071437 1381.8602989611657 1960.1854308937664 2545.1654621685466 12.992395776530627 47.57053029965614 44.565749307455675 33.03231227981198 11.579270013741267 18.18201161064407 21.36277483753497 23.033865920076565 81.47499434136137 0.7629050637433728 1
1 2 2.8901e-005 0.00504 0.589 0.06674000000000001 2.459 13.876 0.044658 724.9990210165781 1455.8998435832907 1808.9660236687785 2544.48357914737 32.83675991844873 160.938025256542 71.24331183346209 120.26051274844941 11.551739736498892 17.257368431445006 23.148582920906925 23.040038646916567 79.26232012726997 1.2555103096812628 1
1 3 2.2418e-005 0.004050000000000001 0.295 0.03352 1.747 21.286 0.008954 456.9371012656221 820.8129094819576 1825.2733751267479 3100.1350708488626 48.55330049081642 29.580077638537425 92.92704671110543 80.64768856785436 18.32856202046839 30.609898686726584 22.94176892658185 18.91046637008226 82.75157742163783 1.527311868127857 1
1 6 3.2397e-005 0.005719999999999999 0.585 0.06597 2.039 18.592 0.016849 357.339506427238 851.373365545068 2046.5204179018579 2998.5902318478466 112.43068240945696 220.68505653679117 178.07201043237663 194.03567070049118 23.437095113650216 29.511141664520384 20.461559842599208 19.550854057132383 83.65777512569852 1.0796629437656475 1
1 7 1.831e-005 0.0035399999999999997 0.211 0.024569999999999998 1.9 25.005 0.003536 652.5761868017424 882.2691544605268 1897.2264553438954 2652.040559882285 53.556288001921715 128.16945052502282 42.54999558009157 40.51261371313852 12.833750555694715 28.477704193753613 22.07169306650304 22.10561968275559 84.99170025093697 1.2670207013268926 1
1 9 2.3003e-005 0.00462 0.551 0.06268 4.14 16.206 0.033055 771.4487799522981 1203.6693861345482 1960.518852922451 3059.027023665449 127.16090284096033 310.48773804119384 485.01748346713447 145.1673923214137 10.856197089997163 20.873672031060103 21.359141707604063 19.16459042253022 78.53942330808039 1.4129845270340002 1
1 13 0.000108086 0.0196 1.402 0.15484 2.658 11.547 0.081859 292.0653730901505 1587.6611211490115 1731.5521802700525 2906.914462671158 170.23664079175165 35.57060439709491 156.97052311740111 163.23991176256524 28.675087058043427 15.82516549993786 24.183504532603333 20.16743208402823 81.72090374051743 0.9489872170294489 1
1 15 3.4226e-005 0.00582 0.384 0.04382 1.282 19.994 0.011492 460.5779617326438 709.4052808363929 1899.0855128982544 2722.331952452836 52.479087338339205 47.114938893855566 79.12496936913216 59.94824641386367 18.183675068807393 35.416990370268294 22.050086589357022 21.534846236212505 82.77477287586245 0.8517996297278578 1
1 20 5.4371e-005 0.0106 0.653 0.07584 1.901 18.701 0.014509 446.5016047400415 1197.7012247295825 2064.9845213399735 2904.614457944159 119.89180178435743 536.0909470106282 325.75908373692647 559.0813566328156 18.75693146696757 20.977685821163565 20.278602365904035 20.183401566311097 83.73427481666182 0.9545617865296066 1
2 1 3.5093e-005 0.00814 0.578 0.06349 5.048 20.326 0.011406 408.8545054943446 1114.1030143493472 2375.6359201472997 2868.010656048852 17.523985660763127 181.91369149245114 175.33452980770906 89.24709558795593 20.484059457468412 22.55177454543858 17.62685925266005 20.440997970616124 85.55045089252914 1.1476077045622772 1
2 2 2.5168e-005 0.00505 0.586 0.06629 1.164 16.913 0.039799 402.3430102588136 1342.7110301781986 2618.9909475418144 2887.628972321156 11.128727039713574 135.93136566434347 15.33824967143485 28.31963795758786 20.815572251678105 18.712142400934564 15.98898233661475 20.30212349368264 79.9245545150001 0.901836898663556 1
2 6 0.000132805 0.02391 1.228 0.1376 2.801 11.84 0.112475 325.6676943669188 1329.784011325599 2784.100819786492 3437.4618664006352 53.5111364976533 929.5074280003248 324.35378672462883 283.62956480454005 25.716397864641035 18.894045789401595 15.040762785024187 17.054734649721716 83.85167008914789 2.170270624365425 1
2 7 2.5365e-005 0.00479 0.378 0.04343 1.125 22.718 0.005856 364.908553139808 2709.9981569771694 3091.710605366908 3783.564322096069 7.400012490290905 276.11832085663724 61.82744400087684 93.09167692770056 22.950955596788308 9.271224017371782 13.544281902487601 15.494648698749264 81.75582563828553 0.4867336580560124 1
2 9 1.4379e-005 0.0028899999999999998 0.409 0.047110000000000006 1.299 18.722 0.016767 386.6787620580536 1142.9844038623905 2585.994416363735 2825.5579259115384 30.93999557313673 253.09720899286788 18.888532982734183 25.653654231460575 21.658805245535124 21.981927238112096 16.192997067210232 20.748114721834025 83.96278539367826 0.6518290134191647 1
2 13 6.1434e-005 0.01376 0.546 0.06139000000000001 1.845 21.946 0.007606 242.92153235216261 931.5235534279368 2647.531232763293 2925.1062219834416 8.093769630064518 260.57799207209536 38.753670490877454 63.79758245069275 34.47615334427739 26.971942800095484 15.816621719810286 20.042007213074076 88.16059217400111 0.727742701087167 1
2 15 2.0624e-005 0.00427 0.379 0.04243 1.543 21.51 0.009973 391.14068514260276 2296.5443419372878 2855.878724282253 3595.910131944149 36.13240127733029 788.3015254325698 92.5728534923526 326.8399465289572 21.41173321549669 10.940350482762895 14.662737476894833 16.303243921255635 85.07072960263771 0.6335554221042902 1
2 20 2.9575e-005 0.00618 0.425 0.04875 1.799 20.992 0.008958 379.605937512317 1063.6614801814126 2560.9552548856814 2926.0023693459684 26.087441440453887 501.34180517448124 109.16609003716226 119.84531108402021 22.062352488172706 23.621237083545424 16.351320437993852 20.035868943299622 86.40877247138027 0.5000859293787252 1
3 1 1.9674e-005 0.00453 0.473 0.053040000000000004 1.2 23.284 0.005265 437.36299984765594 934.0385239545919 1746.8846221196827 2938.3599667458348 6.413833491034035 32.6020946318807 86.05029843785293 64.39859978549818 19.148853476213613 26.899318770733537 23.97124542157144 19.95160588337508 83.30905088502317 1.0428407838873455 1
3 2 3.8992e-005 0.00731 0.89 0.10164 0.981 14.951 0.034603 470.82649423343383 909.7066547956945 2086.3644571081813 2951.058602471278 31.344301863108257 121.1562641029391 93.34641621133383 76.19082857636816 17.78786899754989 27.618793231366073 20.070798204663202 19.865752564488623 82.24011449858426 0.4400963008542999 1
3 6 0.000166141 0.02995 1.853 0.2658 3.239 6.854 0.297099 359.84092171658915 714.0300364408917 2702.030876637905 3388.3669542906187 70.4155369153045 84.97424389730145 117.20070963023339 51.85412077494173 23.274173376523734 35.18759536396601 15.497602326478376 17.301845045373373 77.51106631266248 1.9714600331679273 1
3 7 7.5383e-005 0.01387 1.735 0.19063 2.176 12.394 0.089672 366.8900343926464 829.4774643392581 2544.9889266812406 3349.6893158471403 37.60752985663138 145.26515720497818 107.81635911594027 68.2105210600999 22.827003229629998 30.29015383801171 16.45390263234133 17.50162312744926 77.6041134376405 3.3052418000818813 1
3 9 4.3309e-005 0.00886 0.659 0.07056 2.838 17.528 0.02032 365.3554037754188 830.4152456224506 2370.239860255286 3048.9362783372726 21.08636650143153 29.576071671483493 131.43024105794905 88.24551261679716 22.92288526036979 30.255947409981818 17.666988350913083 19.228017461870653 78.55175769716314 1.3755508093395727 1
3 13 0.000182738 0.03823 1.555 0.17942 4.068 10.496 0.112904 296.88776621691477 1041.6477226158904 2080.11290801209 3115.9933669264274 31.945844583587114 282.4005483206825 152.39094665733845 133.7272649778512 28.209313259075092 24.120438661262156 20.131118767018688 18.814224902483307 84.75521536893369 1.530560958473591 1
3 15 2.3447e-005 0.00479 0.472 0.05164 1.952 22.726 0.006491 398.1342846399789 710.6706926627185 2433.5686590367586 3121.6196052601113 6.569008723604603 47.347511535404976 115.82865452786517 106.47854319022552 21.03561618053885 35.35392729628746 17.207240011290548 18.78031516114694 84.52862259847747 2.5784857899617184 1
3 20 3.8349e-005 0.00828 0.579 0.06746 1.379 19.166 0.014434 402.5056700282427 700.9893058459364 2164.3322020791397 3055.845386469306 13.238382961100783 141.1630579977368 152.8003221228051 107.8143709868221 20.80716030512651 35.84220157207645 19.347769237907787 19.184543910362805 82.37643036691368 1.504646517913077 1
4 1 3.6083e-005 0.00406 0.958 0.11074 1.171 16.727 0.031591 458.17063306740624 1039.331211580227 2156.128093673936 2677.6388375269144 12.348822915907549 142.86884551215311 171.8314568767462 102.7242247518719 18.27921607268938 24.174199446776235 19.42138786784558 21.894289542852036 84.074916255825 0.7360108166079313 1
4 2 1.2046e-005 0.00235 0.432 0.05012 1.725 19.968 0.015966 479.8560342837508 712.6494221495028 2485.5587022153986 2719.461529457535 65.01682056112377 257.59701082230157 37.78658214868049 73.01563621468159 17.45315136549404 35.255764221652825 16.84731885940834 21.5575765146765 84.16381238603321 0.46579350893892646 1
4 3 4.4284e-005 0.00818 1.409 0.16872 2.996 14.068 0.047864 430.9277908197618 1283.2561326551247 2626.160123963493 3310.527914746634 117.54609993652329 917.581285714771 188.50724417624627 386.8929279777014 19.43481060729011 19.579099885550555 15.9453338804036 17.708655993763692 81.15541878208052 3.429611444237462 1
4 6 6.4448e-005 0.01166 1.121 0.12666 5.063 13.72 0.052501 416.9116100408414 1578.205503120761 2755.2371612607476 3454.491754384679 83.92135763320363 987.2222639817557 266.55246341708556 373.69856518024085 20.088190873791138 15.91997997112388 15.198328691544921 16.970658542053 82.2531094447952 1.7437013117048465 1
4 7 1.4434e-005 0.0027300000000000002 0.261 0.02918 3.287 24.548 0.004186 401.023795729109 1777.146268247146 2746.107665838634 3318.5268097602284 52.33797859301544 990.8589210072264 143.66980114880383 362.54799734732387 20.884047503398776 14.137834599726876 15.248855870045354 17.665971486979128 84.44110721831919 1.9404001819957113 1
4 9 2.3233e-005 0.00474 0.501 0.05553 4.828 18.046 0.018607 466.4125600082364 890.1718287262065 2486.2602584019646 2764.193354617207 36.95102545669608 413.8437412775188 64.89188295033245 123.31720382430984 17.956205981785963 28.22488781289864 16.842564996359236 21.208718956680418 81.0893702731451 1.17309024126131 1
4 13 0.00013913 0.0278 1.274 0.14697 33.563 13.713 0.063089 285.5613326528145 1290.9579081375273 2448.8527490826345 2861.848030276455 32.70040820126102 265.50092962450583 87.51531452027666 110.87051263505637 29.328200433152922 19.462292179803125 17.099844004784202 20.485015060124212 85.84215678666811 1.1690249413761966 1
4 15 1.828e-005 0.00388 0.291 0.03344 2.459 26.636 0.002469 400.8534572964893 1993.2595999634386 2734.172070596119 3523.212128161633 73.41429136515536 804.7919905846503 201.1431406925279 305.5806190128636 20.892921958274325 12.604981308235443 15.315422335826211 16.6396452633097 86.49420567129423 0.8214549469188949 1
4 20 1.6652e-005 0.00344 0.368 0.042460000000000005 1.072 22.281 0.006793 414.7775034286377 1203.7157659189643 2277.1953613643095 2657.8398363493125 6.403876727423635 146.97206027617298 16.163260053653378 18.80833595436221 20.191548313904434 20.872867757795447 18.388848278222348 22.05738630230053 85.5350328723383 0.33421577352183285 1
5 1 2.763e-005 0.00626 0.774 0.09418 1.891 19.131 0.025131 435.4657943286376 977.1769740109472 1599.5505812604245 2944.5793671808583 8.211111538901763 50.448757202304236 129.61881563546956 83.77354793022728 19.232279800326978 25.711821571962794 26.179228397393384 19.909465050734088 82.3478324625146 1.3996560811512082 1
5 3 9.8888e-005 0.01809 1.51 0.16328 3.174 9.065 0.204845 388.4822090860039 655.3492664017929 2636.6414393686073 3377.7765601058404 76.80325339344688 78.28294620320425 103.4096088856319 62.871362992332024 21.55825879312251 38.33833543134834 15.881947152445479 17.356091783099775 71.7787353244298 2.1852617705586432 1
5 6 5.6261e-005 0.010209999999999999 1.719 0.19655999999999998 2.024 9.435 0.142527 466.1649004570297 698.1676480879492 2679.76780424212 3386.3454791021595 49.639330768831734 56.62490558368914 123.7420267539417 75.18751012807067 17.9657455801351 35.987058507808385 15.626353870552192 17.312173362637402 79.02985320577328 2.2935010264403934 1
5 7 1.8439e-005 0.00364 0.222 0.02475 4.061 27.402 0.002191 394.3912049092925 738.9995042407829 2683.9800833603913 3001.7449362744387 4.247975083486572 16.688783166144535 85.96534548736979 140.7764634372944 21.235260562988966 33.998669628083675 15.601829633389734 19.530306952982272 85.1369350711063 1.7575267922318358 1
5 9 2.7983e-005 0.00561 0.649 0.07558 2.018 18.96 0.019517 432.4572240684816 803.3009846411028 2263.97013204596 2891.9232360271085 23.95330783842674 38.6801477394063 111.51006754264391 128.15951583800515 19.366077230042478 31.277193082522235 18.496268748102864 20.27197654130625 83.82372094821878 0.9058106205585725 1
5 13 4.1397e-005 0.00972 1.028 0.11819000000000002 1.516 14.833 0.039548 442.26169453607304 862.6075789317818 1978.0550848714795 3196.4135163367173 12.456936184876323 77.21345504648602 96.99098268940745 107.02233512803723 18.936751935492108 29.126801820027808 21.16978456275941 18.340868507898122 84.49145624646356 0.5310777176867594 1
5 15 1.5356e-005 0.00316 0.283 0.032170000000000004 1.97 26.145 0.002777 410.34966386651354 774.6085651038181 2380.971272205863 3122.925630863243 4.0164352824162775 17.693766854061547 144.16513467023697 69.71861881350982 20.40942332226299 32.4357373929019 17.587360456140527 18.772461124472823 85.0744354373177 0.8335557258399303 1
5 20 2.5228e-005 0.005450000000000001 0.518 0.0582 1.62 20.74 0.01108 419.6439796301925 793.7409709054529 2213.378920799139 2911.1362167666666 19.1535180015921 68.0564110565521 151.92861199512868 146.49276417213892 19.957393425208657 31.653903377746627 18.919038040210964 20.138185105303478 83.59507205046245 0.9418171400369494 1
6 1 1.3664e-005 0.00308 0.295 0.03307 4.413 23.926 0.005307 465.2706618259225 1305.1825612847842 1780.3169294499148 2851.610092223569 14.414691082002282 71.39392883490052 97.49121250835869 73.59127342072723 18.00027529595976 19.250180584138107 23.521092962329245 20.55856098976232 84.76833645686044 0.6293467531632159 1
6 2 2.1219e-005 0.00394 0.56 0.06363 0.796 18.381 0.015874 449.2890622205135 1357.4559233902805 2178.717954875757 2552.1288779032125 14.728720846539998 26.817336027151068 46.099313022566996 40.320686267771926 18.64056061950047 18.50888825712269 19.220018775852953 22.97101862981361 83.08460193273592 0.6113355007947154 1
6 3 9.6391e-005 0.01811 1.614 0.17788 2.348 9.895 0.130682 441.6882405286909 823.693054976023 2449.754590273555 3321.209577055773 63.05759897284313 77.12485530495633 135.91093199222453 69.70765633015287 18.961337956327096 30.502867358437747 17.093548948233206 17.65170147798099 79.91570815960064 2.149992755193646 1
6 6 5.388e-005 0.00978 0.763 0.08534000000000001 2.224 15.61 0.034137 435.20980745407115 1517.5966635521208 2465.2177492963347 3303.07368244891 133.5393730265759 827.8555446502846 226.73367801747315 438.59234837566487 19.243592071127296 16.5557823125361 16.986329102957615 17.748620114503538 83.22104237691724 1.8072330265980203 1
6 7 4.3412e-005 0.008060000000000001 0.655 0.07588 2.497 18.845 0.01579 333.079698406684 820.308342038142 2436.088766251784 3227.9225546841617 26.57758428376459 22.067328643584492 24.19642771404869 42.23356754528365 25.14413229044745 30.628726678037076 17.189439309483674 18.161835981760785 81.35106635922148 1.1536130282720285 1
6 9 1.5582e-005 0.00333 0.32 0.03637 1.425 23.584 0.00532 464.90777819920066 986.9717537309763 2150.754514161543 2778.6810456516782 23.98189808276087 71.55225854522816 139.8016777683492 122.87111985772596 18.01432540543887 25.456655578056637 19.469911477240203 21.098139382258896 83.60077396015112 0.8235067562370854 1
6 13 9.5082e-005 0.010249999999999999 1.128 0.13012 2.122 12.092 0.138498 301.2468986516283 1276.85988543233 1755.857833975511 2885.325849018749 37.28775645478453 42.059220259261735 199.98342014559242 142.6242286059652 27.801116086128147 19.677178589953876 23.84874173166347 20.3183290441658 84.8198846412171 2.0222674738037885 1
6 15 1.4589e-005 0.00293 0.276 0.03069 1.501 25.779 0.00299 389.22224215846074 836.620735412827 2490.5060798017607 2863.5495902105667 17.146839911990625 23.01700142881699 25.826382623578862 28.53399796252686 21.517269808518183 30.031529146360654 16.813851746683216 20.4728425868431 84.24396024867596 0.9053862022682866 1
6 20 1.7647e-005 0.0039000000000000003 0.27 0.030699999999999998 1.797 28.845 0.001483 292.6776661883429 1091.988178015054 2346.360635909547 2758.321292162904 11.741561623228648 76.68603829429816 276.3280653911674 49.195522534384004 28.615097656992212 23.00849084801505 17.846787641733304 21.253869216239828 86.47036569511657 1.0364504348851529 1
