1 1 1185.1722012770308 46.99357519476473 -175.20427161779233 29.85814590024698 -20.510549518256454 -33.30750400978781 -0.4391338361649623 -22.484186031146116 -32.35033312158644 8.47620649820849 -7.959073681831867 -19.20853634535599 -31.438885908048697 1
1 2 1145.5302967259886 190.29216195652364 -56.34196199143743 -44.06607309478657 -5.73992396825827 14.661624757697327 -7.058279444444414 -5.744022579168611 -52.84015713202021 24.234988811885962 -12.577785990663012 -12.37301805962175 -8.802391577089443 1
1 9 1276.8015713292325 11.009491732968865 -69.00957021388297 39.422530815777165 11.545826844902049 -37.2180531700303 -47.37824086605559 -2.05815608996831 -28.18727325842564 19.95818870422212 -27.958625985706455 -17.99516728370939 -16.087969531123644 1
2 1 1232.7572809655685 61.28879333531057 36.90583394224918 -81.41047906251261 -92.17928001275867 -34.366249957841376 -12.504359983976709 13.788762900322459 -44.504522147040305 -23.21078401417128 -18.557589716393267 -16.321715151450928 -17.81051152108682 1
2 2 943.940741790144 214.6813426913442 140.00982288660944 -61.89892253673131 -40.52997145807906 -29.158136917381082 -18.85112531741761 16.564546169075953 -6.425669152699171 -15.988979185384531 -8.222522369756959 -24.090496528619344 -11.302446091011015 1
2 3 1029.2951011354514 180.95573392953975 137.21456311374794 -59.43966808877553 -77.61410838758391 -36.1897798985175 -25.638693136296883 7.778839084250766 3.3608560948118678 4.64952649537994 -24.369463814951878 -20.25664587715495 -14.025601113877515 1
2 9 1162.5779003347373 64.93141821565965 121.46283055231655 -98.5525231095363 -71.7148050208034 -56.49303984754975 -16.07104976647118 2.7788248194600373 -13.33234041367422 -50.655883773401094 -21.912172896311088 -10.492900872015587 -18.159632705662904 1
3 1 1081.9048566578738 211.57172452089287 -58.064429011681156 -93.40223820570343 -66.37648002667231 -28.386222579716836 -11.630696717184614 -4.825602803428977 -35.96561276710558 6.5242200072128655 -49.13254865881705 0.5551020957290457 -30.10104839444465 1
3 2 1026.6159902510426 270.70348808903447 58.16746879312808 -94.42465969863052 -36.646453180211395 -3.0694728007073744 -12.652140402993359 -21.21601594244693 -7.636745157544443 6.723210419626752 2.060573694978924 3.812280014914003 -33.66970413469951 1
3 3 1035.0029760816683 248.47424789001494 6.71329882951311 -70.70690785445846 -37.81991994168414 -33.456229405749255 -31.10631083675789 -19.9271165699588 14.936007754751898 9.467876464219401 -21.33120431093524 -29.998499899152144 -28.519257343377557 1
3 9 997.2179086495448 232.45038667016743 -44.66363585772935 -134.5559170159125 -27.572672934711086 -44.32741082375036 -45.71683872893466 9.024507325696426 12.585995381590251 -2.1796295767850036 -37.87763587005774 -39.57447441270176 -21.666620243916654 1
4 1 1267.5892154727728 51.65797256007329 -50.197866451678145 -56.354758770269555 -105.86915894056015 4.29204381098187 -44.15078230779466 6.583623419211639 -9.203639842904607 -14.68680600126953 -32.70115664700438 -18.325420387215452 -20.423327198297482 1
4 2 1020.2566874474375 228.76428241923713 84.30655028541379 -92.40165228240187 -20.040429143338685 -1.7870556952577306 9.331311123860488 3.926999243145465 -21.112137277677338 -18.7205909946956 -18.849704465478787 -7.033270344884229 -10.058457348128318 1
4 3 1172.700234150631 107.01788758559326 131.19005185379913 -76.4317194901327 -94.78098975701353 -7.324087723958894 -23.21149255722661 9.712915435911917 -17.73970123867366 0.8317530431920152 -7.833922286324552 -4.079777831421374 -24.897348103728728 1
4 9 1279.9101887252923 48.165237136837696 36.311723859498386 -69.5763227201162 -75.08154623922337 -19.936792171583875 -34.644734970973545 17.39966761486447 -6.718872466584593 -19.02745749217214 -19.41835099343072 -19.519146203067297 -19.07632836213023 1
5 1 1058.6924356385307 220.20763837425878 -82.10203730530844 -81.60906165025366 -22.729505168612235 -6.29765316718522 -20.413519170942195 -4.844485995985459 -24.69211644321229 15.907818656777303 -25.829258812397782 -2.1160419139255175 -16.68260075928125 1
5 2 975.8963541500773 208.6069475143034 -21.133857111107325 -92.78048833178458 11.84910378398954 9.324423527429852 11.895603006716408 -2.8011316993139643 -15.878229696543348 -19.607560332566315 -12.993317592281365 -2.206289947374117 1.6204947520690276 1
5 3 1020.7321438834005 251.3154382971612 43.90952140152311 -109.1999044471864 -50.00647213892546 -11.070579801455889 -40.685492154293 4.672077378274728 -5.031584860445344 1.7405088971320946 -23.015516623106436 -11.359679405147116 -11.988384578832306 1
5 9 1163.7324730456771 150.99212413555205 -104.79094040751846 -65.57887786594796 -4.5252049662605325 -3.1115520855544823 -68.67274928615805 22.2792228732037 -15.713707057444468 -19.781623522825726 -32.16521495042609 -4.834461498585141 -2.5606593076396913 1
6 3 1115.4432339114578 203.28575318664318 60.11829242035877 -74.84272625535247 -20.015961170729938 -15.477477767287745 -47.29693872350846 -14.661045195895866 -10.60211627064264 -32.44591984865968 -26.316280517929467 -1.3045037103700903 3.1971115697620713 1
6 9 1240.5166003444729 126.37652206034566 -30.700013812245924 53.01243405357493 -49.10022978936774 -40.84414636899372 -74.94215479186332 18.363562682838158 -0.3431216952587687 -27.248032977616347 -19.829718111829216 -28.727469917052883 -13.073536487889328 1
