1 1 1.1012e-005 0.0024 0.414 0.04766 2.331 20.341 0.010025 864.435426158254 1428.0500546452422 1612.3536082632277 2671.2125730255034 6.697248525343417 26.217019915554193 36.4126238711844 123.91796897616719 9.688404415839814 17.59392110820764 25.971350071964874 21.946961687739957 84.10488151627207 0.212639410787207 1
1 2 1.9321e-005 0.0037 0.384 0.044000000000000004 3.463 20.805 0.009827 611.5331260968742 785.9618037476389 1758.2416000132189 2771.950078336724 111.76528204128458 26.812488091827024 142.96952309429005 58.03032968323493 13.695088037918161 31.967202324843864 23.8164083932977 21.14937078346564 82.48457187645913 0.9462231668440226 1
1 9 9.288e-006 0.00211 0.402 0.0454 6.272 19.321 0.025561 774.7763841352698 1472.7753556871694 1642.2486025989483 2752.3139058765864 92.73400302217844 54.87406222954327 49.97245833797617 69.81113255111215 10.809570569639085 17.05962820669086 25.498575510267155 21.30025934717228 83.89655027464835 0.7329302742907012 1
2 1 1.1474e-005 0.0027600000000000003 0.208 0.02409 4.36 27.492 0.00219 477.9847233296335 1392.624343070387 2436.874298691098 2681.2388521882167 5.5060717889622035 51.405528881939624 89.90485466392123 65.766239616563 17.521480480923934 18.04147696040246 17.183898251334522 21.864892772292507 87.43276222003942 0.3960614720422714 1
2 2 7.9505e-005 0.01552 1.27 0.12710000000000002 3.349 14.314 0.055638 377.54671265194 771.7673174508992 2597.045098781337 3258.7979319464 31.712804253708967 517.6659856877923 187.4355720163783 180.74494198209717 22.182685530944894 32.55514898322769 16.124094271466383 17.989762244934507 84.07039291742524 2.8346545370234972 1
2 3 2.2509e-005 0.00457 0.317 0.036629999999999996 1.117 25.135 0.003376 397.69492298451445 2527.9578613759268 3122.751350092231 3703.7920564924684 28.894041244515698 379.54559993569995 93.19280519119089 116.6267533440425 21.058855710677776 9.938852377200966 13.409649154026694 15.828372410172108 86.33192212580639 0.4096000718411019 1
2 9 1.7232e-005 0.00423 0.335 0.03823 2.351 22.425 0.006598 409.93593754828083 996.6825245505801 2687.552274166828 3190.3062404351513 46.03449339009191 521.5886877302456 130.77036631015537 83.41312400198932 20.430021456739496 25.20862900784707 15.581092283305162 18.375978850232155 86.01939830842238 0.5249342687054643 1
3 1 1.8403e-005 0.00433 0.189 0.02153 5.956 28.17 0.002398 465.4466306741824 848.9018656688209 1766.985293693995 2822.061800091727 9.060896811685284 66.17778921838891 112.21262814710428 62.664981503992415 17.993470030858575 29.5970606451723 23.69855603747423 20.77381863079486 88.01270580938524 0.6003223815317393 1
3 2 6.7171e-005 0.012470000000000002 1.408 0.15576 3.059 12.237 0.089016 410.6531687399245 721.2179028053949 2569.3956800348574 3346.4741443690673 43.41856633720549 28.099248696230635 86.95361679567894 50.281182279694576 20.394339158999813 34.83690560407433 16.29760660274478 17.51843805476434 81.57322871471254 2.5518758569145197 1
3 3 2.2191e-005 0.0048 0.314 0.03551 1.977 24.578 0.004984 406.9132928994997 803.1519385310318 2142.9587680911495 3080.8038659497656 10.661376132189348 26.280846525257733 201.96527457089329 98.65763158242149 20.581780310795782 31.282997393934863 19.540739944940867 19.029124394430344 83.89172470444173 1.3758264823388136 1
3 9 1.617e-005 0.0039700000000000004 0.309 0.03545 3.32 27.291 0.002584 485.5664299098945 898.9582110873323 1530.1774314893157 3122.9998772547297 4.374400109830178 122.79350021193353 217.52465575999966 73.80984614776509 17.247897474201686 27.94901886441432 27.36610744496684 18.7720148268255 85.1007762512875 0.7827759405582163 1
4 1 1.3902e-005 0.0034300000000000003 0.189 0.02174 4.994 25.376 0.003605 512.1589742722107 1355.602989644568 2170.348760591628 2578.9018213004156 5.578302923225645 40.25701534258118 27.456474074988428 39.09199977780751 16.352344527206736 18.53418751059825 19.29413408588998 22.73254433952753 86.60765357172515 0.8284606013029375 1
4 2 4.7351e-005 0.00846 1.04 0.11198000000000001 1.602 14.799 0.038256 423.26985661354854 1666.5193981527914 2824.632437004584 3518.636902628563 146.39436154008135 897.4374583987977 313.1715299554104 332.71680480689395 19.786431443537676 15.076332161419261 14.824937733989508 16.661281519614818 83.61345687870362 1.0574572800749522 1
4 3 1.7707e-005 0.00346 0.318 0.03583 1.653 25.571 0.003109 398.5049062087975 1190.3519444043782 2351.3031544573637 2990.391298381127 3.2247805242221412 329.2359513465274 130.6757483547904 108.80439724699384 21.016052423735786 21.10720288911857 17.809273092079852 19.604457795117693 86.52795485570324 0.7178438154149903 1
4 9 8.436e-006 0.00198 0.236 0.027160000000000004 1.125 23.953 0.00442 470.4979289710812 1583.1111772242184 2356.8162334701137 3028.5753685809523 3.4603866988883034 79.9901855322555 14.533000204477522 30.390204549950834 17.800290892491397 15.870647849289682 17.7676135310492 19.357286137960276 86.07475629569723 0.2773683001428804 1
5 1 2.5273e-005 0.005220000000000001 0.361 0.04234 2.378 22.349 0.008927 483.2070013931986 882.5084502673204 1885.6925101291793 2885.075328591821 18.35136713011105 32.76145067037751 102.20085277367446 32.14013668286309 17.33211641357207 28.469982346785905 22.20669582928521 20.320093350427122 84.83763555446299 0.6443211406396184 1
5 2 5.1085e-005 0.00853 1.37 0.15679 2.312 11.816 0.08841 514.1235496070929 741.4109026032571 2285.7166382637083 3244.030354833841 51.86899612538475 49.25731500330659 126.20440918778677 78.19998829588246 16.289858743876646 33.88809081682045 18.320293644014146 18.07165580699468 81.38674213193403 1.3489799180339332 1
5 3 1.9011e-005 0.00392 0.327 0.03615 1.81 26.616 0.002819 410.1663501159103 731.2268906851364 2451.4000531032493 2932.1566935634946 4.194434467212933 36.53373963750061 157.33106559391942 119.92735506310501 20.41854481147291 34.3600602221544 17.08207517862703 19.993815517666672 84.53364026503101 1.275326551795976 1
5 9 1.8146e-005 0.00398 0.265 0.03055 1.808 22.417 0.007411 602.1750618643006 1094.1419038187519 2077.127628627547 2503.300661110791 19.701091908516553 8.153153332862464 147.74559058547268 72.4113765591401 13.907915704897285 22.96320057965903 20.160051516751874 23.41908062053812 83.85702255121498 0.7324662101849597 1
6 3 2.22e-005 0.00498 0.292 0.03332 3.031 26.51 0.002598 317.93483246832534 795.9623572802602 2511.028709416518 3194.299917669667 17.3556718725171 42.70924690707539 46.11190208098287 88.78070917932271 26.34187621085642 31.565563082468017 16.67643219010841 18.353004261030257 87.217463586097 1.092750673980087 1
6 9 1.3337e-005 0.00298 0.184 0.02101 1.422 26.92 0.002343 302.53295297575437 1276.7755249039762 2230.6278739607587 2537.8367155930387 17.303327463314602 22.597552332508197 40.01019670807462 146.80879979352426 27.682934760072865 19.678478722318555 18.772741293529027 23.100382952061036 85.74755383655665 0.8069059148312086 1
