1 8 1270.0389259690808 52.64704465893212 -60.082575664921976 -12.273422877616483 -70.92512859841715 -89.41081916336645 -6.577050312244765 -28.440754084593266 -33.44262738563738 -32.27510334232766 -9.63888498486531 24.300288563550346 8.25008416059519 1
2 1 1106.7422605506683 103.60766979060267 170.68655023660193 -148.57606277127198 -43.19012923052343 -51.61735255826053 -48.6029780667404 -2.5098159081256366 -58.14643215706957 -14.223049272250382 -25.980490797320442 -10.705895187408315 4.726451122267642 1
2 8 1229.5080328896013 31.834017441791705 68.36916378118083 -80.60866945469162 -62.07364279627202 -51.9993400037835 -51.14232790553491 -2.126869712559617 -56.37320273809389 -8.426692299337118 0.6830792370701688 10.217824440939442 21.787567003425526 1
3 1 1005.7257844813404 231.81573838077128 43.412282327246984 -125.62453397961211 -74.2225846419068 -7.104369305595028 -9.995830255582277 -33.17304020759637 -39.85704738494701 -18.567498635928814 -15.32952507291613 -21.57805367239873 -12.885984380309692 1
3 8 1177.0482312355598 139.64341515719005 -93.18810874961616 -78.9110601558442 -19.60800261666179 -47.087737307934454 -78.69384731333867 -33.080680493246916 -51.58125935505305 16.938996963307755 -11.941095954497214 -2.82175402272238 1.0655265158015914 1
4 1 1173.6963614756676 100.77035036968533 88.88532509811553 -131.88493001578482 -81.61158210540603 3.1119805585747677 -31.144788307041747 -4.5410947904987875 -29.140193892655695 -7.461150772642399 -30.596621533445138 -17.22802507533174 -21.924038515167172 1
4 8 1252.0437792691978 -9.305906937321485 -7.990041359131185 -96.9721828751038 -108.78578064032051 -2.489241015705051 -32.51032785208483 -28.616350092087995 -26.295393297647568 -36.70823881825145 -17.70772331001074 7.084913675019085 4.482629522803673 1
5 1 1066.8946603390439 213.20065415363663 -3.6365923113302627 -165.01772043228826 -4.610174682934974 -12.300228680810802 -56.76321553360817 -1.063019888123816 -16.824777510658734 -3.8403244219228507 -35.312595141031984 -26.0716952985405 -10.921374083758383 1
5 8 1215.8093159847829 67.1325451525404 -119.27390929565333 -95.44505801583026 -18.95655086760712 -51.270057470055924 -52.44336958940404 -9.317211549025943 -33.78368703040737 -24.8464777767203 -33.57700852505517 17.407065172388407 -7.346917269315986 1
6 1 1022.7874000052853 193.39875560706216 77.89039385704729 -48.13510558111302 -30.28035795743256 -51.08939620770476 -46.92435470806222 -25.423688433456636 -20.245670063862775 -22.859164882900497 -18.296088960970806 -17.940258626783564 4.064693201782808 1
6 8 1270.4920549198348 76.28796450507924 -26.619458348476847 -14.210416039391383 -66.84629238346896 -50.859935252436344 -73.26847245749042 -44.527107530429994 -29.250975392661594 -11.179375238535899 -10.744220647653838 6.480720905372615 -8.640738965527891 1
