1 8 1.0973e-005 0.0033100000000000004 0.486 0.05516 2.15 21.409 0.010165 464.481178915136 1451.3085227523234 1834.492341808521 3210.7530911356966 12.491609466096385 15.853247765256116 61.35663005059539 63.52622464839816 18.030870528620863 17.31196338070962 22.82647850070491 18.258956181293705 85.42947463679388 0.44307390989176604 1
2 1 9.697e-006 0.0025700000000000002 0.336 0.0383 0.966 24.305 0.004341 384.51210167981776 2888.3206578139416 3219.077463476162 3648.8246885810067 21.609854863706364 10.541593313299794 29.93379596333549 36.083280106467534 21.78084893404432 8.698826403511632 13.008385313841048 16.066817401084485 88.03443845298192 0.21891515472857964 1
2 8 1.8215e-005 0.0054800000000000005 0.332 0.03794 1.995 23.372 0.005242 354.1677127011823 1435.9480876629589 2674.278366657685 3003.4785350067173 6.654088612129432 49.476052282815004 17.956444686933217 42.99484366492772 23.64698898192941 17.497150639262706 15.658429773836671 19.519034118840104 86.59869712241282 0.2362739592086674 1
3 1 1.9506e-005 0.00488 0.275 0.03116 1.585 26.277 0.002721 375.49985000273216 559.203522639644 2598.0912254107257 3347.745142821994 13.947786115410652 21.69979845440037 110.96952362536219 88.52658869672679 22.303604115791426 44.92997447763001 16.117601872651754 17.511787038418895 85.78012324871847 0.8118849501635164 1
3 8 6.829e-006 0.00209 0.157 0.01807 1.718 29.802 0.001202 361.6007333300053 940.6743055546352 1624.95649651895 2910.8225163770176 12.443072916667967 4.895303605577707 54.80374776376028 48.64255552815903 23.160904356786187 26.709563396850662 25.769920665387893 20.14035540475623 86.92773450714496 0.23023987470771962 1
4 1 1.0372e-005 0.00247 0.221 0.02451 1.475 28.052 0.001749 463.4557029332421 777.2648908998355 2588.8089056458653 3033.8778672555272 35.29918822186433 263.8490533337747 70.61962686496699 48.24693911562757 18.07076695139161 32.32488729924868 16.175392439618047 19.323454194625405 85.75045604357956 1.0365911007580622 1
4 8 7.317e-006 0.00218 0.299 0.0349 1.298 24.603 0.005284 571.5536396430557 1820.9493006400573 2251.258330510081 2900.234385839068 7.66334303626161 58.47022747742065 24.822729906733215 57.46070339955313 14.65304289765405 13.797748235587147 18.60070851598454 20.213883500674093 83.44030293131361 0.5874639805634032 1
5 1 9.058e-006 0.00217 0.165 0.01897 2.18 30.611 0.000989 469.4738152321013 849.6637583589106 2574.71353481331 3049.853375449088 3.6178449123193164 32.00322629921232 219.65011675063974 135.0704035273902 17.839120581963698 29.57052098882959 16.26394526373448 19.222235557920065 86.65086965523015 0.29874855760443236 1
5 8 5.25e-006 0.00156 0.133 0.015269999999999999 1.339 29.39 0.001244 615.561897945148 1155.749354339845 1863.1766509977035 2966.155767402739 2.6552327687282524 4.759573548793182 103.44932482375908 15.577542210785623 13.605455483773765 21.739142579362465 22.475056231290015 19.76463968759602 85.0702292894249 0.2543432351732884 1
6 1 2.5549e-005 0.0032300000000000002 0.28 0.03228 0.916 25.151 0.003727 281.13907663897817 809.0282389169541 2529.7352535386767 3374.953559636837 4.471736064793773 87.8419886397238 89.8984918961431 71.03629113471406 29.789526593468434 31.05577628987936 16.553115564731083 17.370609391824747 88.25756866598064 0.6860497621024871 1
6 8 1.006e-005 0.00292 0.139 0.01599 0.612 32.434 0.000609 323.1434815467102 1279.2599796558661 2126.6274503487903 2902.7743424743553 3.0651259762764402 15.428916034596368 24.424141062963567 31.65948477272082 25.917279717088768 19.640261088101013 19.690801975274063 20.19619615006912 89.11786098480431 0.4822753528930619 1
