1 8 1229.6461836857366 166.68984968565852 -11.858019357329933 33.445374509659494 -20.65323821795867 -19.28158188129025 6.639338971079435 -23.39033765572184 -23.034147858448346 10.205748630608015 -9.708027235977049 -14.129009594169288 -1.0903376117241628 1
1 10 1415.0152457794059 60.51392639483864 -28.22578098448888 -7.56077677761214 -0.5316849293804397 -11.875686362742167 2.4408776906870613 -22.431347018231357 -25.097448694713872 13.347100324366592 -23.784567665189062 -6.74857120652896 -5.729297370820355 1
2 8 1186.379849907918 39.891941154464476 143.5539105376089 -79.5110991987936 -46.985444227584594 -52.47818390294776 -45.73080726333854 -3.575741414754751 -24.502242469909906 -2.7299720585337997 -48.20885225367058 -31.494704226371354 -2.104094694451856 1
2 10 1122.773997740123 118.67992654566646 170.4985423692165 -113.83131305964505 -26.110642188612513 -29.023645394982783 -35.25717585048892 1.5950941828002487 -31.57043642078833 3.0277031431875057 -30.522624930912308 -18.901631832171507 -5.43736578200078 1
3 8 1007.9284737614171 248.765194026837 24.527772860482763 -79.47521454545684 -70.49271056457445 -34.16821696848659 -6.688400544248272 -10.987491317199556 -30.996820457038577 -23.011038878626046 -17.028787586724718 -18.49608897532938 -14.954651191109255 1
3 10 995.0098273419095 234.8238640582404 26.908993577987378 -84.92214622201819 -57.15811103617373 -33.460323177089 -14.11319187257526 2.551802352493365 -0.446026420863016 -10.72757393293387 -28.929132134022183 -5.42307906171576 -8.110953500854297 1
4 8 1257.8813988524587 45.1730595648497 54.482480205191294 -76.0515718543146 -72.17168757089038 11.07295866063874 -44.92679228394179 6.77043606556826 -19.390582650482315 -7.693120768280327 -19.76681218147839 -14.707759340282681 -16.23686990810231 1
4 10 1176.4569117939618 36.41718134211387 85.01054798071135 -100.04454088649736 -66.45286584226675 15.683650180681639 -25.523412628186957 5.290618830177907 -25.51620042994412 -7.021394130060587 -20.966155054101215 -1.9955644546337923 -8.503676953632398 1
5 8 1063.5700288073422 211.82886593188906 15.912081803936191 -137.10865382423532 -0.8025409165121922 -53.7859717047775 -15.00107467409371 1.53345599233694 -14.640865473349576 1.2390333156420803 -44.023230553383065 -0.6151480450378156 -23.12823949125248 1
5 10 1179.0147603639818 188.1484206184641 5.377242003038478 -131.64765064005857 13.014007753627228 -17.96417312833822 -7.5289842215772405 -39.14396051637109 -7.163344781821838 9.429271211493044 -18.75253852982605 -12.425374886277659 -33.506692778153386 1
6 8 1200.2419598533106 144.97404591021376 19.47152392043527 -53.62982966960554 23.938074440455125 -40.07584700566452 -57.3059720794569 -14.89796315134135 -10.08049270826357 -22.747475794511743 -20.094988201282927 -8.680289748934683 -19.912152658296783 1
6 10 1308.2772968865133 103.53470117674604 -2.0160686425832495 -47.362801875536505 43.636069661539366 -25.401922084800734 -37.712358450044576 -34.45502718104755 -33.2081881908651 -21.38747855675561 -12.781974682263966 -10.908347169826058 10.177684512208971 1
