1 8 3.6034e-005 0.00626 0.422 0.04887 0.725 21.492 0.008559 329.6970776229766 1333.9257851572788 1645.000586461441 2805.283805686912 13.22807497604627 127.58587028257124 52.18008875131907 91.33591473616919 25.402105655231765 18.835380708258512 25.45591797634387 20.89806381841101 85.10889911004887 0.7482302342788658 1
1 10 3.4934e-005 0.00647 0.53 0.060270000000000004 1.976 18.025 0.017445 696.625092639484 1059.2249682967908 1726.1669019272867 2927.2985808555973 42.31430391013909 134.22959188799456 19.198427993577702 46.00164918202329 12.02224853581927 23.72017347778387 24.258951989663366 20.026997035220425 83.9924902973727 0.9480339738369402 1
2 8 2.1367e-005 0.00507 0.388 0.043890000000000005 1.217 21.389 0.009704 326.2979600435474 1757.860720818054 2812.108522880045 3193.839203098601 23.91466643706146 148.18054179881253 24.607600448619227 57.68348258681691 25.666724973954114 14.292941245258385 14.890961589602297 18.355651700662687 85.15771918986664 0.2958691492211388 1
2 10 2.897e-005 0.00642 0.324 0.03705 1.943 22.092 0.007028 398.093403919093 2698.728017904201 3155.4353959440828 3498.469966778813 37.57424587630794 563.1110362047948 93.66567976194048 97.97743958332826 21.037776354872996 9.309941510709097 13.270751812515341 16.75732550420562 86.12666264302246 0.8667036742757475 1
3 8 1.9325e-005 0.00471 0.284 0.0329 1.314 24.513 0.003971 361.2045609071207 540.263921656401 2184.7727411866017 3050.90093122529 20.024222402638657 30.779829372504587 121.28716250159486 71.83818461303784 23.18630744575102 46.50504872316662 19.16675323276722 19.215635420995223 85.22617968970494 1.0962016145938227 1
3 10 2.3102e-005 0.00538 0.373 0.04190000000000001 0.605 23.782 0.005117 420.4700152077623 512.1954542676075 2205.158991373919 3092.741241664882 29.795287716860923 37.104138148977896 154.0003070613921 91.0542427146953 19.918186070561422 49.05353960223338 18.98956046425926 18.955675699671865 86.55947977141132 0.6952900959752814 1
4 8 6.541e-006 0.0015 0.408 0.04709 0.878 22.215 0.007749 473.356747763464 1545.2276819155688 2462.085488899508 2819.697545772133 7.14880338470674 60.699179131303175 11.200267955768583 55.54096635792891 17.692786760874444 16.2597397743052 17.00793907798754 20.791237020404047 83.88267611609922 0.3968697322110684 1
4 10 1.1356e-005 0.0025800000000000003 0.322 0.036840000000000005 7.181 21.666 0.013627 461.2079825136491 1543.5932350351368 2538.128522359314 2974.80370783299 10.981783918204153 115.30764161244532 20.617566461646 34.159212319922034 18.158835747714207 16.276956538636345 16.498376512894293 19.707182643894733 83.61156054105422 1.4980592098260819 1
5 8 1.0048e-005 0.00233 0.187 0.02137 1.202 29.009 0.001414 452.5608725378714 904.9369722195436 2403.859744509058 3027.909604433399 4.009516473450253 22.426734410742373 162.8354979919169 21.238600296762083 18.50579780137568 27.764364559418745 17.419901512828137 19.36154233738106 85.28452182769237 1.5761792783604514 1
5 10 1.5511e-005 0.00348 0.369 0.043129999999999995 3.576 23.851 0.004992 457.4299584248926 906.988250465225 2444.5181781688475 3071.811274839437 10.122862116891492 23.78736713363741 128.98331517923242 58.15993455181382 18.3088139413482 27.701571643417143 17.130165107370136 19.084831311150232 85.90449237150375 0.812967590507506 1
6 8 2.2059e-005 0.0049900000000000005 0.256 0.02939 0.511 27.438 0.00199 304.57397428577633 1088.9488347662996 2216.6291078065474 3032.8072425020114 8.370464086098021 22.012598679725144 59.56231073324651 58.30639500906649 27.497424951161083 23.072709385278053 18.891297534857856 19.330275653007025 87.5298133302296 0.5131326623059748 1
6 10 8.069e-006 0.00185 0.261 0.029910000000000003 0.925 26.655 0.002283 383.2750996961397 991.091934902917 2367.7689727830348 3000.6078073085764 25.18791803631481 25.002255669376023 53.81432410491461 48.91220432126885 21.851145578305754 25.350826815537687 17.68542475272866 19.537708279371653 87.16557730959637 0.7025158094988807 1
