1 1 1076.3165878378861 263.76959212784584 -40.917900444929835 -72.65884754963044 13.79143042214003 1.3734490054303525 14.452036557303446 0.7060859152552991 -15.898561089120616 -14.029529773449642 -0.6387348557402971 -2.6829918148129677 -7.4888401093953485 1
1 3 1204.5267396711167 93.41085606078397 -47.01186749711725 -26.95001760210983 3.170143117941589 12.810805200170151 0.3434785334383972 46.82492907644094 -23.848875002625583 -22.165143828596644 -6.886139502283493 9.383665750187511 4.419934341280255 1
1 4 1183.0571034768413 203.97367810050022 -11.296095946376827 -53.96908463414343 8.196479430324374 -3.946716626855409 -2.3361104044400984 26.541635675240673 -30.349744390553308 -5.551712596792074 -6.480927085212963 7.8778842548835115 0.34593143460039055 1
1 5 1143.0046016368137 72.47423895551265 75.22626795739392 -100.87647093379638 24.49217802598539 12.296894058547622 17.36676383560913 9.212210950234295 -23.38145700053441 2.4993278103970042 0.03672144877458568 8.187196246951833 -6.156585452542742 1
1 7 1218.9749707468882 58.09086278836721 -7.005147548156627 -12.292649866657735 50.31447073447748 7.922969884349711 -18.27990640761521 21.197149671155472 -33.93177160820479 6.143330658819909 -12.540277389138497 1.2310794577739332 -10.09046670487168 1
1 12 1251.7740296248312 58.56018350905121 8.346536267447332 -20.051712575828248 22.676049784944034 -45.20702443876625 12.192151695779327 8.799525819814177 -41.2883051375769 2.7026138351257853 -10.520616209253099 3.733498695077495 -16.12385711507181 1
1 13 1148.8181932282153 121.85316571089248 29.840111846934306 -73.6797449230789 20.16578231508024 -12.288101104558393 3.7688935791046836 0.23341819663093333 -9.00507386870999 1.155861685659801 -0.5927378440779373 2.1092955710898997 1.030098380230114 1
2 1 1093.6214381565164 159.50210375237515 149.5116774063972 -40.27454158918185 -47.58596059600043 -22.152712875110822 -27.702316147403735 -12.566274365119934 -0.5369577391114798 -10.79169012507971 1.25317986151963 -2.630208219643935 1.231977722079692 1
2 3 1123.6064417630355 65.05869711204764 171.73955245150287 -7.353525019641562 -56.611595355558926 5.19003356584009 -43.99715528842894 7.889962253649592 7.235111491189624 -30.376999879828517 26.522023275156176 -1.5299230667193398 -3.9949068283435833 1
2 4 976.5659696202418 181.26697962199958 176.5934323954174 -90.69464715619696 -58.082481369430276 -17.680532039647773 -6.537734930480301 -4.1589808461659254 -13.699940677005838 -28.158743612127818 4.39755676886777 10.01922712483958 1.4166645245892735 1
2 5 1128.0150960964502 79.38613842710977 189.9819522255747 -57.717860626809944 -33.78362285086334 -30.193334490678748 -23.444045540459204 -1.005528010181002 -1.5266123746726907 -9.297500628378527 16.128366566785715 1.1038875328680093 5.786172723499157 1
2 7 1044.595739970443 48.86760199778289 180.27072246775862 -26.818770960430637 -40.427600800712305 -25.22627748346623 -34.29666087417627 1.1986769719808794 -7.20900497462567 -16.00228001677491 8.467525570220252 -14.510476895673206 0.4013605543404059 1
2 12 1079.4451462712325 112.62324666844519 182.70490114781376 -34.19110938306755 -59.14068569550589 -18.864924936377097 -27.47369071720785 1.2173608992605196 -11.147716069732303 3.8051467630363565 7.934523514069793 -12.536661229580968 -6.715614846183037 1
2 13 1145.6514063045843 52.34654073885697 201.3348190994211 -71.55524385155756 -29.977313043181255 -23.29116010944067 -43.41040734102201 9.596232988015908 22.56139581268173 -3.6020472787395237 -6.011834593858252 -11.636688475821602 -3.532776064316729 1
3 1 955.634561153883 285.14341081435776 90.90310055789581 -89.76155869899682 -17.11845583186102 -1.6925198438169093 3.69817670589934 -31.54561434877414 -7.858769616058422 -3.0564885906170303 16.21689152290194 -4.398234133480531 -0.34111279884509244 1
3 3 1077.7578674079934 194.61842000873412 44.26786173669318 -32.97233924699181 -31.73162751042339 17.898649074492297 -14.908721483785406 -8.213277065825228 -23.044099602393192 19.013815574934902 22.852068058487944 -8.120611308823587 3.7027904016653252 1
3 4 1008.1610845263966 282.6210158850421 67.31768645174301 -79.31980954810197 -33.09335206337471 15.652761183393887 -4.841509409911994 -28.81840709496508 -18.27332695107019 8.939615782007513 13.048671718196363 -2.307949489421318 -10.017400320396677 1
3 5 1035.1507188976407 237.93631845880876 118.11356559550677 -87.98031064249177 -18.0742789907027 -35.32498980221073 -1.1833270743922633 -21.50812583333001 -11.190024097234362 8.750546631836803 18.770020292985347 -10.596559799814353 -5.878611702366185 1
3 7 1054.080693742457 193.1003058079199 79.69251516722863 -49.48701796478323 -11.382559533788166 -14.710047595886111 -23.720382776703417 -15.615383138627275 -13.578269558224259 4.185675610326138 15.017569149196284 -6.553470672847182 -0.40809376248596413 1
3 12 1056.372852138174 213.2402980782191 92.60510074056266 -54.56124074389214 -33.085415024535344 -36.600136781765876 5.843056836482036 2.486937982546671 -33.682756252527184 -4.055080355738878 13.628797634599012 -3.4515880474958056 -3.8497319422447527 1
3 13 1091.7516259540387 198.85927515660387 117.49453091736859 -108.55407492864961 -26.358258358433144 -32.60743574300899 0.7729196666785748 -27.870610958488797 -15.978986452324186 2.6588919376864024 24.372537229519313 -7.7744716031820404 0.8614468047129452 1
4 1 1076.4707831325507 219.86337719103776 79.14317577696526 -37.479883532328046 -104.7393782492543 6.912168401949214 -3.714405432102157 -2.462812227700853 28.914898660217936 -22.797589041437497 -0.0030977566732816805 1.9152014269545956 1.5045731203092407 1
4 3 1232.7855421622294 32.59715044664617 88.28799647214895 -4.525111198118726 -75.015062190712 14.764327892028943 2.2452298175650234 7.8680521088989215 2.537642902070558 -4.80482662641929 -6.284022896863692 2.2650657985861 -12.979098611464044 1
4 4 1130.9191759411403 135.96715094267194 130.12057276171856 -69.63350145107282 -72.103581123465 23.879738630912883 8.6846721656587 4.124203790962956 4.12353561922579 -10.325804019175843 -2.8024569077416617 7.4435575714945825 -1.4567810926855136 1
4 5 1121.4756965199406 60.78832076089405 133.1409163004404 -71.29225556598627 -86.21600807844632 -8.838046678166503 1.5613637877836932 22.489862546811366 28.752282406651318 -0.8111092977784696 -14.421944503387076 -4.2044929905710235 -2.051131764538541 1
4 7 1251.8931577652356 29.59098716623148 122.8254160139011 -36.64899245037636 -100.89908821438594 -21.4538681259878 0.38158825490772474 20.007612202752448 24.991285257720747 -18.672897478287737 -10.136112765433005 -2.4085478711092345 -12.34487418158527 1
4 12 1192.0327070025808 28.587927210356767 128.94223623242792 -28.26678452370667 -98.05773501855808 -11.910324662753634 -9.314578751002625 17.620779586324506 6.870671630402339 -8.14702934035757 -15.667033592234198 -2.5821335181030083 4.473634978590562 1
4 13 1064.166028474105 78.9465361689597 140.73057320301206 -67.33875710430156 -91.2221554618122 -13.620110532135952 -3.6031398889560826 19.627460969389833 26.61736922212374 -4.154285230878751 -10.62412462098173 2.4456642133970896 -2.9683948460463916 1
5 1 1039.1143484109155 224.76500381832972 1.2793565264005682 -101.54353637013371 -36.12787830018585 25.61264136140375 -2.6097037454907106 36.81635454684432 9.731069795062414 10.481148612471433 -3.9697991173764757 -22.607297356351122 5.490270255471241 1
5 3 1208.6011260510027 169.2565416511763 14.948151019657582 -95.38881770935244 -1.3906961496083776 15.201483554303591 -19.43492546132358 15.807360449125671 -6.008784634723126 20.400676750162805 -5.500267668194072 -21.41784374313409 2.2510263236831505 1
5 4 1057.9882844089836 235.05149985804616 42.573826450093904 -101.69464902104332 7.944580235295105 5.932483220709061 -27.29400589994398 4.136269637448519 -6.937736169526791 17.434889280960192 9.205308208035257 -15.429015913049204 -0.8892415917304705 1
5 5 1093.5494334478367 160.604393663554 98.85535625443079 -148.77127190413788 -6.27569268338153 -1.1163839219923595 -13.99566160735357 10.006345239269029 8.746914645718864 15.577325164892596 -8.901251108798014 -21.44677057002473 6.329404182389183 1
5 7 1070.2064980363807 174.3135001862768 56.76581310796466 -123.68211136275744 -3.584600529902238 -1.543342812709858 -7.3927061897149775 3.9288803445003224 -7.370554972737645 13.399792398212455 -4.8764742611397605 -10.707578168916852 -2.962198515608124 1
5 12 1162.7745752254232 170.08748158420863 61.146532041287145 -100.2716462901137 -12.19054727207249 -23.811354423421083 -7.086980391869047 10.57558126928073 -21.006012681241426 3.81963606654595 8.399450629337176 -18.905082218870135 -0.38458409244231434 1
5 13 1103.0524591631495 178.19486911129243 95.52117605665832 -153.90989513954162 -14.362342630256673 -28.851576033267026 -2.656019400723159 0.16778832138067976 -5.653265214189059 26.266615229024197 4.40971376303054 -17.936878975007613 1.2635009104951307 1
6 1 1014.1198313700086 215.72608253201923 83.15987047034892 -32.91907650886062 -28.830675461537844 -23.263252501301565 7.355463675871993 5.121442024806421 12.459515956005475 -15.167902449453733 -19.233014539582268 2.064802837934529 14.333915306637868 1
6 4 1093.2176099477779 185.48118805173445 43.29979544136841 -23.196633541540947 -24.997315749500128 -0.7456694268574536 -26.64733978938488 -24.720322042259973 6.1830771201035395 18.066194519715843 6.631299956283421 -7.377948815440554 6.184875012571782 1
6 5 1202.2640976392327 148.63217569444535 101.64060657429638 -34.67631485607575 4.8111243220759645 13.319365068144059 -67.06396178655115 -6.6490547088943455 9.046436113363125 8.783952205314181 -0.8591743253489218 -9.484157793533068 6.15083545800092 1
6 13 1193.1302796668426 125.02342783397246 103.67111780899053 -55.609629029599226 -15.380659445124984 15.915125460639912 -64.58571882612341 -20.21134807800179 3.747003413408226 4.071069823834475 27.780538746067922 -18.69522266603565 1.9354740573167506 1
