1 1 2.9539e-005 0.00333 0.299 0.03513 0.572 21.282 0.015806 581.2666600358094 843.9951066865381 2081.596652835675 2812.9599973848326 9.615859320464638 24.210737207142856 280.7095815054024 85.03169363931839 14.408189176864283 29.769129940384225 20.116769472585087 20.841035796635143 84.1164721962171 0.6693656515338906 1
1 3 3.2388e-005 0.00361 0.237 0.02694 0.564 20.94 0.01014 613.4911795740267 1246.2589632226031 2160.1655197392492 2660.2079672434606 5.132743394434785 9.87877420887478 167.21136481669686 37.544707023886744 13.651378012989728 20.16033644807756 19.385088604254122 22.037750702907612 80.63039609835114 0.6126410972575548 1
1 4 2.4519e-005 0.0028399999999999996 0.505 0.05728 0.519 20.399 0.011665 575.1832091063889 1078.9638534210635 1670.9304956786125 2879.0787635338525 9.686149339476883 98.96012610763273 345.58432503229693 166.97363382558146 14.560578033930257 23.28622958066327 25.060886798282635 20.36241618066823 81.63213230106737 1.3487077917856303 1
1 5 5.9988e-005 0.006580000000000001 0.514 0.059530000000000007 0.802 14.673 0.046405 606.5793621342356 1000.1470442694495 2797.700620526401 3263.422255083815 25.650018748254322 92.77566164901188 18.649308672008488 17.946972879148795 13.806931990783127 25.121306055903393 14.967648680051054 17.9642704552477 77.9640801451908 0.7431645366896081 1
1 7 3.7203e-005 0.00416 0.263 0.03064 1.053 18.323 0.022321 664.1143930360826 1289.8151644849402 2427.883368754331 2907.828490104655 23.768775303272168 8.86504500569425 202.12571642726374 45.010880467118355 12.610779238969107 19.479535279020485 17.247533608455303 20.161092787797138 81.30288353752667 0.8796070484088813 1
1 12 3.0307e-005 0.0034200000000000003 0.431 0.05049000000000001 0.695 16.664 0.03854 541.9796500039278 1413.1661136998327 2244.2905271371665 3094.2810303270353 27.88411055859533 15.27414191191545 131.7041395713217 125.85555674216872 15.452609705805939 17.77922620449753 18.658457759217146 18.946242899535182 79.64642253879822 0.7953785891876386 1
1 13 5.7834e-005 0.00622 0.353 0.040519999999999994 1.076 19.07 0.014786 558.2807887956761 949.5960132128143 2737.80860563789 3383.9739079896517 10.783182620659867 45.43503944026644 128.8659670143659 23.697358298408492 15.00141177715708 26.458619929324858 15.295079398087953 17.324306154248067 79.77581970456056 0.4259060417414905 1
2 1 7.2127e-005 0.0084 0.702 0.07945 0.872 18.364 0.018592 290.5321810893128 2183.6119111489334 3067.576841776788 3574.596335098085 25.431738215493596 628.8482177644197 249.82751538999355 168.11015007083333 28.82641079070491 11.506165482849093 13.650839786541534 16.400453227228905 86.49550124189686 0.5825403765393709 1
2 3 2.6973e-005 0.00303 0.303 0.03496 0.825 20.02 0.011912 298.21108780387567 2289.710680365768 2385.3117131336985 3075.0066078607797 4.67055306548425 65.65770500750253 23.025587424743133 36.73369313244905 28.084133496431164 10.973002054559323 17.555357553242718 19.064999681670354 83.63129674475273 0.31982177028102626 1
2 4 6.6729e-005 0.007750000000000001 0.697 0.08016999999999999 0.738 19.637 0.01372 288.64980586391044 2181.2328298211405 3106.3308303268295 3571.0427293067964 22.4595352989881 796.3448358049662 275.2977380976193 175.54330494064527 29.01439678760275 11.518715313880652 13.480534523618067 16.4167735991723 86.22718463047755 0.8378390762329171 1
2 5 1.4938e-005 0.00166 0.442 0.05059 0.423 17.832 0.019426 304.10214286549547 2349.5094620925984 2939.719378184681 3305.4072439721062 3.2206720382317475 45.01822035279032 44.807726640827056 27.04937533757558 27.5400887382246 10.693721564169541 14.244556916129326 17.73608988935063 84.10596818470252 0.7280912408750232 1
2 7 8.4955e-005 0.00941 0.534 0.06098 0.456 16.671 0.026593 298.68082124345614 2424.32182897403 2686.10292170649 3211.087101281052 11.210037068483636 29.164874095989315 87.39980246244234 15.789748801554705 28.039965757203735 10.363723041933286 15.58949944233584 18.25705692524247 82.16366987732675 0.6335426571318679 1
2 12 2.6949e-005 0.00305 0.349 0.03986 0.454 21.836 0.007558 299.27539993672934 1865.9713067086736 2538.617331697507 3146.6205381284626 3.412799984080524 200.18867924217113 29.51891426976725 34.265934850914256 27.984257983685204 13.464837272507246 16.495199759783915 18.63109939365895 86.06199509985443 0.4221037498816195 1
2 13 4.5229e-005 0.00498 0.7 0.07992 0.769 17.215 0.02214 316.2490480341987 2364.4110521952343 2839.4218115248073 3207.037654556156 4.362911488170969 37.584392263096774 98.86371309103372 38.32262920607346 26.48229315490094 10.626324884022482 14.747720761330832 18.28010965718253 83.51729411348052 0.5096357196615459 1
3 1 5.0672e-005 0.00613 0.841 0.08216 0.901 17.442 0.024584 336.0285981711048 693.9377095122198 2493.382194150366 3362.072844552851 14.259153430208658 31.80913391502984 83.2927283615271 44.14534386714814 24.92347391139451 36.206419763037196 16.79445698226346 17.437159368805112 83.12467917947564 2.753882908004096 1
3 3 1.9873e-005 0.0023 0.222 0.02564 0.715 26.206 0.002559 356.75400288742236 808.439110158279 2506.298569290705 2828.9660023043384 8.847302861355969 21.119681725598017 37.74338559400246 148.8132203099916 23.47555999993313 31.078407370817253 16.707905639450942 20.723119313645665 84.36047965297439 0.307640175728129 1
3 4 3.2277e-005 0.00383 0.554 0.062450000000000006 1.491 20.182 0.011589 326.2858953938038 721.8732208566892 2437.3171936208314 3340.375733423295 10.968545817254308 24.148393184364604 116.55084900397655 66.28809879995927 25.667674019105153 34.80528058678045 17.180775694521447 17.550420874336712 84.40673251176982 1.3816240440622742 1
3 5 1.7759e-005 0.00202 0.259 0.029900000000000003 0.276 27.175 0.002138 322.988432805571 640.8162544392376 2660.529876189863 3407.5300638664635 4.312438824014157 15.169051192180177 79.31926667053443 39.33864841464459 25.929721158285226 39.207806958620715 15.73934590051252 17.204543731443785 86.04128035499925 0.5091943870426995 1
3 7 2.4301e-005 0.00269 0.263 0.03024 0.573 24.447 0.00413 324.2642297857444 818.4142481326367 2562.5707937583147 3311.9442415520684 5.096770053235384 30.183850003412065 26.821488452922104 37.14436958433968 25.827702320214996 30.699612155246967 16.341011964233516 17.701083026846703 84.19924380334648 0.49505788904000037 1
3 12 2.6057e-005 0.003 0.275 0.03197 0.411 25.668 0.003586 324.89892474018166 665.4869764085046 2622.08239070627 3199.6510272384207 4.899844600936566 61.050758988111895 54.587384716673505 104.44124499596731 25.777247513814956 37.754307583289496 15.970131277499933 18.32231062104248 85.716319209872 0.32812626005793627 1
3 13 1.8274e-005 0.00212 0.249 0.02879 0.956 28.474 0.001635 344.8898710094673 697.2186302646411 2777.9233346116507 3429.417702898938 3.3189819922375414 17.736042850104095 36.44055909064569 28.197037162097157 24.283113840041143 36.03604222460806 15.074210104453462 17.094738838737378 87.28129827674808 0.48669141237699554 1
4 1 3.5324e-005 0.00446 0.619 0.06968 0.653 20.486 0.013333 401.45646718381226 541.0766091273309 2388.046364147174 3218.494875606397 40.26352659661352 215.9632509609158 266.5302192626519 109.89829097446727 20.86153963031163 46.43519896475023 17.535254184629085 18.215035992236732 83.73273896989676 2.910326400728363 1
4 3 2.6924e-005 0.00311 0.231 0.026760000000000003 0.745 19.879 0.013221 443.1549624161671 2016.0062596612645 2407.801505502891 2900.1489141203283 3.776099653570149 14.497569380996264 36.07724308367665 29.442595221346746 18.89858110656794 12.462758922296986 17.391383759955758 20.214479234002404 79.31554726500259 0.4469412333849038 1
4 4 5.7219e-005 0.006870000000000001 0.605 0.06667 0.798 16.001 0.029193 470.4992522323524 2207.912091785749 2974.286467046246 3505.4796974070646 46.56109264433012 427.30807186241475 189.8016132635662 167.6383856575518 17.80024082984955 11.379529145872388 14.079007003513661 16.72381672709837 83.27734319024997 0.7644402553114859 1
4 5 3.0534e-005 0.0034100000000000003 0.361 0.04183 0.73 19.405 0.014212 439.600991634497 2126.5738764706607 2699.6492390686394 3271.2870608113244 2.5782685814838198 19.711002689925067 19.24012388409126 25.78973253467689 19.051367397649848 11.814778822402522 15.5112743514956 17.921080880459385 81.95504618493087 0.7141703601820867 1
4 7 2.2971e-005 0.0025800000000000003 0.28 0.03194 0.965 20.443 0.011242 441.0026306288825 2100.2998993779397 2574.6132376120695 3131.1767341251016 3.089793720969565 22.968141955585537 37.735348464536614 60.03451625450443 18.99081642224448 11.962577347854678 16.26457884557398 18.722992976115325 82.76797378495225 1.0632457749226618 1
4 12 2.3592e-005 0.0027400000000000002 0.352 0.040940000000000004 1.079 19.513 0.012128 418.10596069189546 2110.0162912294422 2480.1551598560827 2948.6319629422355 6.902957410874482 61.900750181847556 78.77087650661379 77.28459559006348 20.03080746837662 11.907491001105223 16.884024305330115 19.8821015090341 83.69436368534572 0.5100568029278183 1
4 13 2.5521e-005 0.00294 0.424 0.049260000000000005 0.41 20.424 0.013072 439.22719062663003 2156.8716863467985 2729.3118011414285 3285.2860286607406 3.107140396270363 51.725033557161446 53.59293997334355 75.06594553796035 19.067580921052908 11.648815346338692 15.342695540497575 17.844717168781408 82.00278451609911 0.45556327188177814 1
5 1 3.2543e-005 0.00416 0.559 0.0645 0.693 19.003 0.019583 487.1403093063005 774.3289985267714 2471.5458338135986 3215.5234513309597 12.01424687393337 31.29130246721471 33.180784455925874 81.26167712313422 17.192172029299325 32.44744811030261 16.942837728154455 18.231868275049937 83.76292788907252 1.4457049403912172 1
5 3 2.6622e-005 0.00301 0.259 0.02965 1.225 24.339 0.004273 465.9959120616018 908.3109178095928 2624.2364840775786 2868.927781508243 4.141978243975495 18.56677509893608 58.57903557625574 101.43348838681173 17.972260664151225 27.661233072689875 15.957022263075158 20.43446348767269 84.45579122096217 0.3902928183585576 1
5 4 2.821e-005 0.00337 0.487 0.055990000000000005 0.658 19.298 0.014326 422.95375323082936 816.5312423221915 2568.640776927905 3291.2886119255327 20.08911209382363 27.802846271445315 63.30479840693656 56.663928341474296 19.801219249210202 30.77040864786168 16.302396339780337 17.81217234720175 82.51125089553287 1.654843838650375 1
5 5 2.9925e-005 0.0034100000000000003 0.331 0.038060000000000004 0.514 23.014 0.005695 456.370363977831 820.6392565190921 2770.428283501449 3437.5089600325878 4.589906142646595 31.336712425362435 18.562810258778104 16.768559231868817 18.351323094255154 30.616375953756812 15.11499151570732 17.05450100105171 84.21928457189534 0.9373004081582681 1
5 7 3.5602e-005 0.00396 0.412 0.04551 1.101 21.51 0.018673 440.7559078351362 844.7710032137055 2699.7488034518296 3349.3155314864653 11.365688651318546 96.10202763438521 106.927918183466 66.61648462094188 19.0014469485742 29.741787898044148 15.51070230921473 17.503576312495568 84.10456743530013 1.0396916608558577 1
5 12 2.4266e-005 0.0028000000000000004 0.351 0.040060000000000005 0.986 22.803 0.00593 425.4767472790749 818.7469152938191 2690.7104971645117 3372.685269961473 14.925331791484599 46.201545819480565 40.64787940639872 99.08824889123532 19.683801884728485 30.687138517014787 15.56280396725257 17.38229194468231 85.24380087042368 0.5489258654151009 1
5 13 2.9712e-005 0.0032600000000000003 0.313 0.03617 0.757 23.79 0.004657 433.0474131551316 742.7899295960269 2844.0833743134167 3442.379783733702 2.674725773356094 28.94394288727189 29.347786363609572 16.738136676471047 19.339683705718855 33.82517586589315 14.723548675892436 17.030369594029416 85.80846420690295 0.5088806809800118 1
6 1 0.000142191 0.01776 1.209 0.13196 1.406 11.502 0.119084 340.61325759791225 1052.4826041281196 2291.1879676435656 3390.0748692596785 35.42210955594799 480.9254477022395 448.46698220860605 185.48500891064978 24.58800358818251 23.872128528731018 18.276545002576754 17.29312840008235 85.00797469948269 1.3339093961095996 1
6 4 9.72e-005 0.01169 0.882 0.09503 1.148 15.989 0.033831 306.5296233627348 1047.6409731473557 2353.0904950508857 3224.0452234797503 17.238739156568514 52.41839385667829 57.19505484711206 90.39848132092891 27.321992269860857 23.98245261878093 17.795745674921207 18.183677937595846 83.37463538505317 2.7067241292401922 1
6 5 3.308e-005 0.0037300000000000002 0.334 0.03855 0.596 24.545 0.004914 299.7538958689042 1104.874103793626 2587.509466451356 3277.9425535467535 4.730993654956945 36.42323925805968 13.38454366324288 51.81363084855948 27.939586825796464 22.740147419269203 16.18351567131831 17.884694146505833 86.25004876188635 0.3702287156644978 1
6 13 2.9216e-005 0.0033100000000000004 0.288 0.033330000000000005 0.428 24.056 0.004469 351.7198906687985 1090.8230764912603 2566.0132623100308 3198.2051492005107 9.145535555878029 87.64524598640094 17.42478223306449 108.15838678211196 23.81156204749997 23.033066077788742 16.319089466553418 18.330593962884187 85.73603522470916 0.2787570152707663 1
