1 1 1265.3729491531906 21.28869012103127 -62.472347934558385 18.475526106397183 -18.038595488829888 4.038175108407811 25.648307676697858 -34.022789310917055 -18.44017928987757 -6.922277559329999 -24.347196247067377 1.92368973938036 -4.426791307620126 1
1 2 1264.80768626189 107.80452998815534 -96.53948826099328 38.339647694714444 -45.45065729704209 -4.6042880065963665 -6.343751056041879 -32.47037866982226 -27.024019675576326 -4.163361708110328 -24.464255917553682 -6.115890763084761 -2.389077490340473 1
1 3 1109.988362558109 181.06196447020815 -24.13479141764455 -46.07787422371842 -18.300362673322628 -24.959317019790944 30.037010138680262 -64.71693174474802 -20.76676974614381 -6.4968728126063775 -39.277579784994 5.562092113839623 -15.375558453939181 1
1 5 1043.3926796875949 238.00728467085705 0.1612125608726077 -76.33452745074467 -18.04735257228405 14.117897933692273 -6.395495125188005 -17.67300593466195 -12.920543359147338 -15.671864997744306 6.746851802095081 0.5074570810773732 -2.5685995041314524 1
1 6 1116.6366653551672 174.72379889402382 -30.21024218180898 -16.5524804729792 -43.49796936763464 -13.225132511512166 18.57417585826129 -36.80010797603863 -37.91900110799443 -23.218813661038393 -13.805563529420482 -5.4858177105936194 -2.414606193380494 1
1 7 1189.6490434936284 111.31406123441903 -52.598101642781415 -32.33709472787955 -71.85629898251273 -10.890493789233833 -8.819175664344034 -7.3719494718661815 -29.51866199436898 4.370212980290044 -21.98487645078681 -11.374554601020359 -16.87098161576895 1
1 9 1244.8495029393507 77.34423325923062 -69.75399833130959 7.863609733131404 9.470044741570183 -3.9701977414826595 -3.657462795994645 -21.412187234465534 -32.92932839281456 12.77114239968328 -32.84243466064205 -1.3132548226160556 -15.39532927539711 1
1 13 1213.325801154976 126.81268522426431 -104.35040465731508 -10.762553551767542 -58.014265835129564 -14.822634336945052 -9.562055656324732 -14.079904672004893 -36.824291786380186 -22.451244407183093 -6.992219942095543 -14.826552106168991 -7.3574798699544 1
2 1 1179.5286272823503 60.46123959545546 129.2665893204132 -69.52017046068008 -42.56420750873259 -3.2555727877595064 -20.46897610952105 9.99808698852286 -26.048547758970372 12.144860493201655 -26.092495551590222 -4.151440079110468 -17.50385211721733 1
2 2 1063.2498749996066 137.0987608810133 114.80242680099587 -87.04868781748876 -57.934994156629635 -31.719248168473737 -10.101239616670819 9.113872778196948 -31.52400253962723 -19.35088488808957 -16.28013015208315 -2.6416476943415916 -18.954497035128995 1
2 3 1065.4587575121077 135.61902684080533 36.6861363057305 -128.5399059093666 -46.79349377706018 -32.22183306906825 -19.418465293513627 6.349498522356816 5.6505418763245086 12.0872351027771 -43.23517712296978 -18.49810414075055 -16.54163655617504 1
2 5 944.6359839100935 266.021172338098 77.30254126490868 -101.21377720538968 -60.04017113938286 -42.89326875548354 9.28554428811676 -22.735476719188497 -23.836369371873477 -19.848359487696644 -16.1916710815415 -17.07096582017892 -20.310228088695144 1
2 6 994.4904471415441 187.62325568943476 129.1366409078109 -123.92209458168169 -52.89989499143992 -51.00248846187912 6.401371084205156 12.649455141938347 -20.66831508196261 -11.64615347219181 -13.853626934062582 -5.910899266613536 -10.6457841932479 1
2 7 1065.4454581553007 72.73158381932372 176.26623452350233 -132.8248200339166 -78.36662778248932 -50.66555551138593 -8.700224518193673 22.17599176860456 -32.07003389877914 -5.0006605033168725 -48.589335105737504 -17.35963282098972 -1.6720063140797445 1
2 9 1162.5685232171825 74.26170031692773 90.88411121361156 -55.70128921170146 -23.45829434668038 -36.172923816251675 -25.101456015539213 27.14640645245362 -18.953984791119886 4.399968954071032 -27.356559230955448 -16.119948648050855 -14.064650675861797 1
2 13 1105.945924379769 172.92639453419574 50.9776237279936 -77.2962763020273 -58.66699564432033 -13.323742395987225 -39.129418373112784 11.15857054070973 -18.530635681165858 -3.3156010050821765 -31.10060861452051 -19.171069860968583 -5.6579119312107675 1
3 1 1161.4845150617964 201.9693856853879 -48.55772654933609 -58.699596569603784 -35.42628026558404 20.667182241509018 -19.867310715303216 -13.518962005343683 -12.100215360598988 20.09527950024588 -24.37065312120833 -4.221568478421052 -2.377692438580233 1
3 2 1152.3026907267517 188.89360878968156 -55.54265296642635 -48.19968013159798 -8.425337086202848 -21.8790597027066 -25.61378881818937 -25.45317419358552 9.958352782042253 12.383009910192111 -23.630965601093887 -26.874903524533387 -21.536707764906243 1
3 3 991.4084017916445 285.6437328167991 59.070306143133706 -72.53997206668083 -36.90307348654141 3.172932571526638 -19.74645351334853 -4.949553382676965 -0.6630063290484647 -12.64647623995349 -7.803740994950377 -18.68284857626316 3.6390779277026124 1
3 5 890.3131163622071 207.6843531961479 5.3654089460105885 -117.00633212647121 -66.50523820228042 -28.666243296565302 -4.208989280243279 -11.054360363503514 -22.890715241163768 -19.07183779818737 -21.817771977342122 -19.977479488152408 -7.326797059223575 1
3 6 996.7718677850859 221.9708219232625 -5.208263342766734 -95.12374408175649 -53.60011884239051 -15.889335298502251 -7.365534596564188 -18.727732782861562 -12.649681284069421 -7.843407942851516 -24.732079471155913 -18.65469485041544 -13.510317371454974 1
3 7 1081.557941731536 181.99240738584496 4.703748458886726 -153.9753051434341 -14.598863637884568 -43.914702410279276 -42.94937472724147 7.5466167232644965 -30.932391537141143 -24.055351166624014 -49.55591353902395 12.04769726828418 -0.006371881819754056 1
3 9 1125.6803972978473 195.8714090274558 -48.214550618469495 -61.03019880945559 -0.2634809399644713 -51.79782420069019 -19.070709480424846 -14.942240919567176 10.613059953835739 -0.23367552054033905 -28.207142151761968 -12.106050420713473 -14.946838850212297 1
3 13 1114.9399451250404 175.92278967632922 -49.080591270599705 -70.7201972364518 -54.20280087563697 -17.47013994224024 -24.86659956719488 -5.237510270027263 -11.18440682598224 -15.643264007498356 -24.055162555439633 -19.273778936608775 -7.4103150756113845 1
4 1 1208.6730026433888 52.78339001707015 43.47716202990722 -74.2409497586374 -76.98776252544344 34.805906445830125 -11.372346487095125 5.504927654333562 -32.40030902269584 -27.328174070689972 -19.593276495834473 2.6756058940553773 -12.912956231442571 1
4 2 1215.806316806331 40.14183742858335 73.82637668659214 -55.69532837631044 -56.8613519946057 28.40864900552657 -4.7520044738296745 17.935617884790787 -22.602250477972163 -13.788723628924933 -16.929808700449495 -3.610887644651078 -10.734273533071041 1
4 3 1105.3613464626344 148.83777173514747 29.74419810222419 -117.13162700082758 -70.37869983028297 29.28234961070054 -9.11830063974245 13.750422939189264 -8.702701303104 -6.9780403708825816 9.200066796442338 -2.838864029532108 -20.91441182865267 1
4 5 1001.5615225845564 179.59281367419837 80.65673874184846 -87.1257236293289 -72.48249186953174 22.540867359498872 -3.9965699436965902 -0.259026500109988 -22.87394054746015 0.1329436024912128 14.985611443954156 -10.864522874395332 -9.060973406467141 1
4 6 1084.0695637669846 99.98760623266726 94.62476023465628 -112.0208745559958 -83.28625456113322 16.757523358262805 -18.75450660055009 -2.3573122161729363 -18.26612366046923 -12.399849812379307 -10.671575511120835 -15.565676942736653 -15.355938256075857 1
4 7 1095.6865496459948 42.47784468007199 92.18785172093779 -141.10284488089704 -90.35971021388669 15.990380448787475 -32.608872677748494 -16.465742799110068 -30.0681625026897 -19.854708209891157 -29.838726124404378 -11.658181099547331 -10.531327758063885 1
4 9 1236.348451098585 27.370963811688522 61.235146944079226 -85.75710696562233 -61.78972905103988 -2.698434177383086 -32.569276316593154 17.739108791639378 -26.95332156423544 -12.392409006537163 -17.771558537883596 -7.395111348846886 -10.676628817891142 1
4 13 1142.5523322431573 94.57498750989086 50.238724214430306 -106.90423594046864 -83.137613987231 31.969891149806248 -46.27421789181979 5.231294558317533 -27.11120537838835 -17.98376246774185 -4.030202158525717 -22.10680478328137 -20.112242003405292 1
5 1 1124.9968681756288 192.289418624093 -76.58330801004256 -96.7432680499909 -24.804206466661697 -1.2999337266280193 -0.8899064797593904 -8.264308329309504 4.038015046322105 -23.71981939365278 -35.69524580018449 6.103252077650089 -2.0577601096101956 1
5 2 1133.6855719036603 180.04441720389315 -77.07252249292498 -100.31028369469477 30.289275369130728 -42.338768115829374 -4.39992047577613 16.13273058053368 -21.54988399364744 -33.312318809918885 -14.852530751062615 7.990759117519341 -27.0612126878135 1
5 3 980.8972153499942 233.05144156095653 -46.99472540719114 -124.96003155387591 -51.56259289472453 -24.002342676793223 -8.489610027692693 -5.071707832410284 -16.77124978594251 -11.097038818147636 -15.130125389312896 -27.22420265832816 -7.7469031426051815 1
5 5 951.6940252758902 242.28675087042103 12.548826336346952 -110.96294915034855 -28.587533850193807 7.330907102436055 21.49472017372606 -15.893632228989041 -40.20311960542707 -40.94124805303146 0.5832849496110572 0.9714235428640035 -11.790990356150967 1
5 6 975.4827044999306 223.93610564862905 -40.63041727526185 -117.26011022935819 0.9678014671156574 -24.900549029294023 -0.6558250529974121 -20.500650983029498 -30.894911663311163 -23.437506299623056 -11.677010866769082 9.822295283979639 -17.29968246899696 1
5 7 1095.1510867951765 147.0479055161305 -34.6287374109533 -131.73864975521707 -10.287736328563973 -44.40231374192615 -45.30641111406628 11.604748638886456 -26.94334445471102 -29.62791390440843 -36.48366005256598 -9.234627905944487 -2.085870582846718 1
5 9 1210.1714969768866 151.80526194640566 -64.08725306945406 -80.69325484363516 12.69274125111411 -46.320595576853506 -8.257200196854805 -9.231325815198812 -2.25371178051627 -2.79040703926161 -38.89097256709482 -10.143522480554523 7.125692860277856 1
5 13 1137.8893533893963 206.8890461756603 -81.96014997027179 -68.76050638606428 -20.868119311897605 -17.60840597735044 -7.140856291195783 12.151926305007654 -36.06494664207073 -29.09005423364371 -12.648492437485238 0.6746290077789906 -10.572813709173602 1
6 1 1281.434705615748 93.59107401315062 -7.52933226033123 29.96028262866521 -77.95434810777255 -21.019102921444347 12.176684644838046 -7.692030123092791 -56.40024723137634 -16.688886035253034 -18.78782371651384 5.102212893012607 -8.242948631777203 1
6 2 1227.8202261058746 126.90800368492437 -29.109710585328084 72.941890504509 -64.24836747445214 -46.17237959867252 -21.22166241152191 22.980730010138846 -24.21993686907885 -14.626765737165824 -15.795486510984752 -11.128266978096855 -9.924862423023113 1
6 3 1056.5453470181237 213.7181280979246 25.758939590835485 -36.505122993793194 -63.758256358867975 -34.104355652173695 -5.741946230382882 -3.1875763062877542 -20.591839806336104 -9.753338277697788 -22.76461033449826 -8.217136095793332 -3.7290227131894547 1
6 5 915.2243006078581 264.6647317572182 75.48096557168474 -36.3240900782636 -56.37914710884941 -53.6103072785859 -2.2984193967054645 -4.962351048042194 -15.90789472115117 -15.48420223438407 -14.209558833207629 -24.010653020679573 -17.2650542644512 1
6 6 1071.8481451239961 116.8456789161721 47.201354300065205 -12.145178673401714 -89.25128866370582 -26.638291900244734 -14.428776393816603 -20.666658827890878 -29.686038511348148 -19.52310132630367 -17.754838746802864 -30.687889216488138 12.977676167668795 1
6 7 1215.9166625021055 68.16213947316247 50.163655711728204 -43.31458651996564 -65.61248090438056 -58.64766731772588 -40.12519926000957 -5.363108352638026 -29.35589708363518 -25.279080024385593 -19.0975200104953 -13.735038285750067 30.57636561080384 1
6 9 1177.721315545746 60.361500441218816 12.658492532309712 12.78324412677838 -91.57139445311843 -72.17728166927518 16.530923543304628 10.597303429342968 -39.218446844290774 -2.102427459048344 -27.71120301124394 -2.371069532666773 -22.089266160254216 1
6 13 1042.168951432446 149.39468031903706 -7.8353111400510675 -22.16347456331759 -75.65825467315224 -43.579768260063084 9.064899702230449 -23.24474489292089 -1.7547677214028146 -7.619881581684341 -31.329448095216982 -16.303086914852635 -16.107298869289195 1
