1 1 3.4565e-005 0.00655 0.883 0.09868 39.887 12.832 0.103938 733.0433024616208 1444.742640506391 1840.4018407676724 2794.7651957029034 31.116519189428203 131.682624313829 35.088322910405715 96.55656237571641 11.424973083958408 17.390640585781796 22.753183067092028 20.976717503903004 82.20133460116372 0.7742458287045073 1
1 2 1.6169e-005 0.00347 0.517 0.05758 1.076 18.909 0.028681 639.5161492034767 1287.7163990782046 1728.569991524855 2679.457972181757 15.627343293960553 29.692509056498356 14.596419224292621 132.89258504862988 13.095838174581111 19.51128370966263 24.22522675119452 21.87942509591386 82.64770296249111 0.32064814940134706 1
1 3 2.1378e-005 0.00427 0.498 0.05733 42.654 18.801 0.014582 497.23894325514254 707.7034119077855 1782.472648311842 3055.4330176069743 66.588793323322 29.843654342187794 12.337856037302044 55.67304478339997 16.843009007246305 35.50216033616327 23.49264659946356 19.187133104267918 84.50352541270593 0.6174302102694456 1
1 5 4.2985e-005 0.00966 0.64 0.06797 2.48 16.022 0.05311 445.8233646209848 696.3303054247817 1951.9910149925117 3223.0733726569233 61.971790015796635 22.12889348924295 133.69823401556596 80.15625854342602 18.7854667669111 36.08201424562876 21.452455302495665 18.189160847949545 82.84100995840183 1.764347455453129 1
1 6 2.4086e-005 0.005220000000000001 0.466 0.05344 3.675 21.796 0.008639 397.7875222716741 790.4884153460421 1871.9442491183263 3064.30992010002 82.065907490582 279.49106365073885 287.52568653825756 178.74069215217455 21.05395350807456 31.78414700612829 22.36979013649731 19.13155050520688 81.35144001441923 0.9567153985362005 1
1 7 1.4658e-005 0.00314 0.352 0.04029 1.12 21.794 0.007523 535.2332247448812 1144.910049985196 1811.5287986222163 2721.3369032239257 14.256272914912179 71.86541012156803 31.393752866925603 29.78485216878048 15.64738437900962 21.944955414030012 23.115834554685865 21.542720392520263 82.22811582483558 0.2756857088716233 1
1 9 9.898e-006 0.0019500000000000001 0.24 0.02752 1.041 22.898 0.005584 763.8170057141831 1024.0524287799656 1743.706915493325 2898.308362648568 51.26418469805226 50.03331133303152 15.81802601891952 36.51997468987007 10.964668156568758 24.534876627296704 24.01493027751905 20.22731630475184 79.66261351342419 0.3477349940083641 1
1 13 2.6915e-005 0.00609 0.439 0.05151 1.643 21.228 0.013383 624.033977285811 1099.1011970827824 1589.7809634643663 2543.939570389945 17.464295758892007 106.66233390389449 22.27658764297005 71.07739898324981 13.420743589037306 22.859587512675258 26.340106569617127 23.044965643980973 81.94799252532327 0.4588952359196609 1
2 1 2.0777e-005 0.0046500000000000005 0.732 0.08154 2.391 17.206 0.025036 437.9812058176713 1193.0662151364556 2561.2031440102346 2898.5453774116845 40.89052333117039 413.04424532330125 120.99418197640921 88.54287311369036 19.121825066362454 21.05918320478663 16.349737855792927 20.225662312159624 82.93283006095348 0.9082751287127481 1
2 2 1.4119e-005 0.00303 0.333 0.03801 4.138 22.355 0.00632 396.23798450993223 1253.5454355988957 2679.1047342292236 2950.972170547103 10.071610048562645 423.39203323412784 85.23836749343676 117.18315002981905 21.13628760341645 20.043150640165063 15.630221344089188 19.866334418576056 81.62664582625895 0.8701507654633262 1
2 3 6.2788e-005 0.01055 1.121 0.12469 58.24 17.341 0.034609 455.76990499239787 731.6141746631081 2569.2328823641787 3086.083013753659 61.526355247321554 184.40757438504193 64.25196379726621 55.73539907079649 18.375500243131878 34.34187153573056 16.2986392893536 18.99657259339027 85.04954318298458 0.8807819197613693 1
2 5 2.7589e-005 0.0064600000000000005 0.558 0.06216 2.462 20.325 0.012586 360.7774515129175 497.02978474308645 2565.0959651443777 3139.254710046219 40.95790041045701 24.568273770249107 139.9060738380218 76.54428403014913 23.213756749152424 50.55029048809832 16.324925292860552 18.674814698020114 82.51593067666919 1.0928662700901361 1
2 6 2.4206e-005 0.005350000000000001 0.466 0.05099 3.956 23.295 0.008903 415.69736927300454 2445.6964595142017 3126.1259489607905 3410.4085076147426 64.23470998265574 848.0794945775755 149.73055330502302 108.96322209490414 20.146867935793487 10.273147308309339 13.3951736698006 17.190022799058355 84.64390344311026 0.6343390919756599 1
2 7 9.798e-006 0.0023899999999999998 0.283 0.03241 1.556 22.526 0.006712 472.8056511038542 2556.5221481842996 3105.4913641601834 3522.3586928786667 6.555829802357136 672.5698651596447 107.06201914653283 144.2510721602403 17.713409263292387 9.827804549960323 13.484178537177879 16.643676897110215 83.77347588796816 0.4022557462050976 1
2 9 4.3853e-005 0.0089 0.965 0.11095000000000001 1.482 14.358 0.063906 397.38412222184166 1178.6781314757418 2736.285098142245 3045.0249626225755 9.48432138214642 307.32323487647443 62.163565746904275 83.96213337604527 21.075326193643477 21.316251934311122 15.303595385009528 19.252715731272133 81.20197270180523 0.8722906137307376 1
2 13 5.1316e-005 0.0117 0.662 0.07549 1.267 21.208 0.009254 438.6725077836834 623.6199157225914 2539.122263908832 2832.670860105 37.00085640640793 125.11595819559248 104.12525626588213 75.4441517650258 19.091691071120987 40.28896346404772 16.491919509041622 20.696015490421967 86.87175406828487 0.5489250012942312 1
3 1 1.9174e-005 0.0039900000000000005 0.455 0.050679999999999996 7.7 20.612 0.009848 477.34684041344616 836.0322308230282 1897.4742514792201 2911.872747186742 17.986918924568965 20.002246824215483 70.52465600340318 122.28844018992076 17.54489459435016 30.052669112129575 22.068810666260884 20.13309134358278 84.24325837892936 1.1386362757151884 1
3 2 1.5142e-005 0.00345 0.318 0.03619 0.914 24.385 0.005584 444.087364118305 928.7392739696376 1768.7486253229808 3137.701756938156 3.8316243100773715 5.144514168913839 53.26272876065981 44.02746125166243 18.858901821329233 27.05280233559003 23.674930060993518 18.684057485822894 83.17355498178969 0.4423602392088344 1
3 3 3.4271e-005 0.00404 1.43 0.16608 1.027 14.602 0.067566 459.365623061534 629.1665030445289 2281.954240393816 3177.050702735237 6.852877161846667 63.96925594526413 83.26613572649178 83.20026243306424 18.231664668729756 39.9337852196842 18.350499435419565 18.452648536432747 82.28382521902083 1.291055511224446 1
3 5 4.3872e-005 0.00911 1.128 0.12217000000000001 53.347 16.11 0.035326 461.1278446016799 678.7687601037284 2404.5478104675326 3274.3997372096983 20.43403539416855 55.80900208781916 136.75721232578547 72.37046820600924 18.161991512861874 37.01555150558261 17.414916774667066 17.904044925790792 79.6900977031241 1.7293629984452892 1
3 6 3.4232e-005 0.00833 0.713 0.07815000000000001 1.689 17.851 0.023512 459.82859568488976 713.2323896059068 2159.0728520656403 3189.762821016624 27.334857139619125 44.219447694673505 126.41668517475611 52.82801736106603 18.213308347050255 35.22694757859034 19.394899046568582 18.37910944780382 82.69585822319927 1.8715514349600866 1
3 7 9.465e-006 0.0025900000000000003 0.195 0.02229 1.201 29.63 0.001201 516.2153876884215 720.6585928847571 2066.6494415994166 3044.6372374182265 8.684011291295837 54.86108100846792 288.09748877041534 38.25490573176986 16.22384802882901 34.86394285458527 20.262265654300904 19.255167505509615 86.25991033462286 0.3443764512718957 1
3 9 3.0323e-005 0.0064600000000000005 0.567 0.06572 0.917 20.727 0.009117 429.09007200397446 1034.0162063070793 2045.1341405491792 3133.297448457648 4.335138952770695 18.19489743129745 170.90199787244407 92.54576049608704 19.51804655112698 24.298458618682854 20.475429542609522 18.7103206651695 83.88776465111252 0.5464738569157771 1
3 13 1.6805e-005 0.00393 0.357 0.04229 5.016 24.735 0.004022 453.7334821540891 896.0587091820385 1902.0098085723725 2896.972560540897 12.515974343104254 27.161725713953647 107.01820811652848 142.81107234333453 18.45797220042013 28.039457395526235 22.016185096033187 20.23664317657674 84.20450057459922 1.2185529143500715 1
4 1 2.2389e-005 0.00469 0.374 0.04304 5.818 19.856 0.025589 589.0070431765645 1603.4934796654425 2384.9185894241073 2729.4736344011344 11.31244384400169 75.43320462580374 58.89374187877161 43.68142070463761 14.218845253246755 15.668913106676401 17.558251332223325 21.478500199128224 84.19917301396663 0.9766226288288528 1
4 2 1.4766e-005 0.00322 0.325 0.0364 10.058 20.181 0.01416 504.6518100692376 1513.2308786097194 2427.0680211279187 2831.766131760049 17.26447548236091 88.88863784389687 45.417143649765315 50.26636928722812 16.59560083387189 16.603546990188033 17.253327733492878 20.70262771437356 83.05061619865874 0.5215673966657484 1
4 3 2.3397e-005 0.0055000000000000005 0.546 0.06309000000000001 1.603 21.084 0.012759 467.6214083243555 712.4454058446946 2485.0552653040313 3042.7096633184015 4.960260027416454 9.643210067119071 95.47514146352705 29.110304653618506 17.9097873855058 35.26586008398934 16.850731886993607 19.267365765047444 86.69967758072451 0.7235029158975286 1
4 5 7.5918e-005 0.01357 0.909 0.10078 54.918 15.521 0.050119 442.2772213656102 649.5347596934474 2448.9325141516024 3082.031035175607 21.042872882548803 44.732232887386246 38.65085421311057 127.06107623250699 18.936087131371327 38.681532627842614 17.099287039564256 19.021547586933913 82.60688065412431 1.4199238504728369 1
4 6 1.7967e-005 0.00434 0.748 0.08625000000000001 0.773 20.476 0.010749 508.9757682858669 747.4468373507434 2455.613940739041 3060.2068031525855 22.6530039728247 79.80795412335569 20.365581357495113 25.357378517386422 16.454614388039335 33.614430812301315 17.052761961188942 19.15720203602099 84.84712041586204 1.232286013946373 1
4 7 5.921e-006 0.0015300000000000001 0.286 0.03305 0.889 24.652 0.003603 505.046598721767 1316.995501322326 2550.645469780923 3051.3471172417662 26.248943199806167 363.0396633051088 79.72329919883106 97.18242161516714 16.582628258850693 19.077513913125223 16.41741296315739 19.21282559717213 82.70482905118658 0.551395638479184 1
4 9 1.0369e-005 0.00223 0.475 0.055400000000000005 3.072 18.656 0.035422 490.6288094096061 1690.9149402313908 2503.8381730839405 2942.3111607100636 19.643816456288288 190.34333568671607 46.876342088897246 41.593464694099225 17.06993115646426 14.858819566974674 16.724323660431768 19.92481311386934 82.969595516252 0.647122781694398 1
4 13 1.6874e-005 0.00378 0.519 0.05881 1.347 22.614 0.00725 472.9717079822745 851.4459338745805 2461.5120654705806 2900.369060688044 10.70051523552387 77.66190136027853 16.304361803274602 35.12632801771981 17.707190215939658 29.50862644403791 17.0119011754649 20.212944895396383 84.92708018457796 0.3964683954362681 1
5 1 1.6137e-005 0.0034300000000000003 0.429 0.04889 22.84 23.016 0.013622 589.0968050707843 1030.0560843742842 1853.733390786989 2938.762449745262 9.35480274326566 26.514659785489627 97.18968460653991 99.77496086910824 14.216678698492826 24.391875725157607 22.58954831806869 19.94887337868419 84.8526828945376 0.7283041960240886 1
5 2 9.982e-006 0.0022500000000000003 0.221 0.02556 5.804 26.044 0.0041 572.5207664159755 1126.2617559121043 1419.8883634252418 3032.9993568010827 16.514223980134545 19.345950439810203 139.48514088728294 93.3616284206033 14.62829034556799 22.308313203490155 29.491755182064882 19.329051247090284 84.46765125650401 0.4933586848709749 1
5 3 2.823e-005 0.0064800000000000005 0.573 0.06518 1.152 21.315 0.009512 467.3797322779042 755.6615705062685 2019.0386661127025 3056.636884796149 5.298423674955953 19.6969436893679 159.88048026657637 87.58235220278571 17.91904830614311 33.24901117198149 20.74006838146533 19.179576184401693 84.82955080098077 0.7891192586545948 1
5 5 5.8403e-005 0.01031 1.13 0.12655 51.72 13.098 0.103883 430.3071334663483 679.8023711541234 2172.170645960578 3242.603253906044 39.86307209469147 37.6024269966921 159.63768535677798 83.96546586050566 19.46284258068187 36.959270908903186 19.277951333092446 18.07960931679824 80.33521060763809 2.87298063926674 1
5 6 2.6298e-005 0.006350000000000001 0.848 0.0892 3.945 19.175 0.020592 454.9855976470126 734.5051666859324 2116.436421452203 3129.1807531859895 18.656542827040333 11.418412908341583 117.06493608125206 56.50567820409851 18.40717605856505 34.20670287911428 19.78561679224329 18.734935634610014 84.88002905537435 1.472243906045869 1
5 7 7.211e-006 0.00194 0.158 0.01807 1.154 30.706 0.000913 523.2041134671131 979.0754795590076 2336.8502870891557 3018.8703986915502 2.4602580081126013 19.53604297847996 184.5767172147958 39.89226602270391 16.007137146727395 25.661964296477663 17.919419241940673 19.41951533441431 84.96894519144897 0.3474867035193068 1
5 9 7.638e-006 0.0016500000000000002 0.349 0.040119999999999996 0.804 23.861 0.00429 505.7611889935428 1072.4985961227503 1803.9688841327775 3131.911127102895 14.043957478219852 5.272971537770122 99.9644422624238 48.52005133668327 16.559198653945995 23.42660409144664 23.21270636557048 18.718602674473 85.11674258409272 0.394438582278633 1
5 13 9.923e-006 0.0022400000000000002 0.306 0.03489 2.497 25.356 0.003146 568.9315157859933 923.6381942397028 1238.9164826642734 2876.5932354298334 29.386706724240604 114.29905765965637 101.8810244429625 106.64310024279838 14.720576673327239 27.202209866041503 33.79969560978668 20.380010381008905 86.78029238089123 0.6248097885670834 1
6 1 2.7862e-005 0.0057399999999999994 0.426 0.04932 3.771 19.794 0.011355 427.6332255120793 1515.4741947563912 1861.7642217678497 2690.2377665826257 30.78538542540506 87.00918810971315 117.4752366384605 92.08618251194217 19.584539975749458 16.578969201147487 22.49210695446566 21.791754144642233 84.63962832406227 0.4492909289847275 1
6 2 1.1312e-005 0.00253 0.326 0.03773 5.047 24.363 0.004893 330.82761568005327 1503.645586778989 1998.9246761395527 2715.1984846682253 18.853744392405133 16.465820142471397 53.96905892385062 69.05013818757601 25.315298974616276 16.709389646679394 20.948763352539924 21.591423364087316 83.96151113626706 0.5319884202939713 1
6 3 4.2551e-005 0.01027 0.631 0.07452 1.742 19.616 0.022524 386.17390534018773 1413.448676402427 2632.635226533117 3478.9262271687016 103.2680925141025 717.969700593809 416.7206568499728 370.1408672858821 21.687120450622647 17.775671957151832 15.906115506607666 16.851463978214774 85.28162919424477 0.915842909813532 1
6 5 5.5937e-005 0.013000000000000001 0.897 0.09505000000000001 5.679 17.285 0.041387 326.6463903074162 572.1905072696558 2188.0109760488695 3267.312115206017 73.4393628294827 272.5570906393916 185.40289225552894 95.07394215124822 25.639346548780317 43.91020067755049 19.13838662528936 17.942883303728532 80.76814784779796 1.657157262779901 1
6 6 3.9501e-005 0.0099 0.707 0.07995000000000001 1.757 18.378 0.018464 405.42051969298376 1495.132680807695 2180.9483971564264 2914.542510985301 21.930611314570484 340.530179788142 254.3310187619276 291.9157568973627 20.657563179935263 16.8045286699419 19.200362582900926 20.11464913585392 83.84285363163593 1.0906129726074716 1
6 7 1.3858e-005 0.00383 0.457 0.05274 0.991 20.379 0.009853 350.1691088641375 1644.9934144862648 2644.349573693996 3478.0910371862124 10.64209309809286 62.94669565658438 29.80674575828066 41.49680596229936 23.917015487649497 15.273617376666882 15.83565214545487 16.855510500791212 86.43634443320792 0.24342090225380175 1
6 9 1.3937e-005 0.00305 0.5 0.05736 0.531 21.826 0.00697 434.1147555341538 1630.5795474572212 2105.513444855198 2920.2080907589757 3.4198197409005453 17.025663221498892 74.79286109015507 46.373082520030295 19.29213391904874 15.40863188133369 19.88826055816512 20.075624126074896 81.17596365941155 0.44200546391481566 1
6 13 2.2729e-005 0.00544 0.375 0.04215 1.391 23.023 0.005509 457.0641967223703 1268.1158509201744 1836.3377234279878 2964.0662598209015 6.869577643619224 84.97546826841736 57.68704726882174 79.58686204438304 18.32346541264342 19.81285856632792 22.80353960263352 19.778572697474825 86.32731758975066 2.088584110948293 1
