1 1 1247.835621197882 -3.8325252753933436 -38.59870033600923 43.06181592992363 -29.472727274167312 -11.567188206793075 3.861057975658855 -2.0002340030575447 -31.053399049252484 14.197405621707999 -18.675636885031064 -2.4715149639912646 -14.4011207307579 1
1 2 1280.015787402731 -4.347845420495914 -81.79860196034979 28.610410697950233 -6.523555514181618 -16.617329042086272 21.124031298863365 4.9722894182780095 -30.996851350677684 -8.012415488022784 -17.02762873429001 -0.34088207964727707 -13.560167546327694 1
1 3 1200.404484980726 189.73495364981468 -8.53150212400724 -20.61935889074274 -6.182971910445729 0.14150458159916335 -25.017299629535596 -20.23163270507863 -12.73467696365099 5.13976774004583 -12.840358827192029 2.7153848758270365 -16.6906685171537 1
1 5 1089.8956915255521 196.38174487867374 -41.0445802395209 -20.800930584325922 -39.74707770455553 -26.78672379364596 17.561262590812014 -23.36734069304121 -28.13953076497265 5.637178783119537 13.55362205438424 1.5606521558996382 -7.271036449589558 1
1 6 1190.6874975219946 169.54123792628613 2.32013030392831 -22.2079155344149 -52.554605080501 -25.314263739113343 6.888118805275488 -28.354904169892418 -1.756768025283775 42.478799782015294 -8.28964321421162 9.809795658948044 -3.2042032613244973 1
1 7 1250.4461209561373 125.86260585559212 40.91855701913466 -49.07544418264064 24.613847147804947 -34.32175487317563 8.169308812100914 -38.7448130817859 -2.3957458719189124 16.074238442875373 -9.015111634304157 0.07803146926250973 7.273343700082272 1
1 9 1240.1756830009426 78.3606488227367 -6.049823764469871 47.62873022693672 -18.69596358928648 -28.902751848702678 -12.79344587745281 -32.43797586499736 -3.220354348352618 44.609416763925964 -19.285459511215347 -11.749370132522431 -5.628282566590194 1
1 13 1253.143052797256 94.51158505871506 -24.401061051808043 16.68184019401316 12.546018122697696 -43.729622715156594 0.8184813610426469 -31.91215892602081 0.5443010195678947 2.8190534475481113 12.52923036077485 -6.537653591175537 -0.9741232824798116 1
1 14 1279.377686547423 91.69441970550602 16.14806585641383 57.62182960097123 -15.143056544118432 -42.82949121408047 24.24465382787743 -17.844885258105283 -22.29487532492255 17.212127710215455 -13.23240640304987 -8.696097280590674 -19.201466208547366 1
2 1 1172.9428099479228 111.66648951941269 112.58012923923391 -54.84423326776733 -58.242802183249175 -4.09475543810957 -58.455649042516164 10.13210234052321 -3.3629907366762373 13.818067677578485 -22.430930435840224 0.4557763017705591 5.969676548364741 1
2 2 1099.1729996084232 141.1548364794889 114.2039427399922 9.22529951480819 -98.29897630591144 -17.686169205325605 -19.704226742268197 14.96420084121993 -9.605117748430706 -11.745643066876433 -4.437381099845053 -23.026006579626014 19.453503988228064 1
2 3 1039.6006672201909 211.73493401390476 109.01974510439476 -40.88452793439169 -43.250784813958845 -51.602934127738735 -9.29287017449933 11.728183322180799 -13.533370476322856 1.5609871781519808 -2.863560104407969 -1.1753346483879654 -6.288083256894707 1
2 5 973.2740492992349 211.25357975513504 105.88822373033395 -46.93745814849826 -54.69806909194999 -43.31727617604827 -16.759593384925186 -5.32961899294208 -19.732761428451603 9.947038542388306 -1.3381912654925558 0.6894505989246934 6.204216560804059 1
2 6 977.6387147526698 221.62935374417836 101.99064390737614 -9.719927482353956 -27.391346563220463 -27.049940483516707 -22.60028138018846 -18.954533467950423 -14.088293837178401 12.754856968240853 -0.7780928018822785 7.924241546032363 4.411131080123654 1
2 7 1059.3242672490253 162.5997301808966 149.9060823932988 -62.50326087491166 -21.12591053351611 -30.249892892375325 -25.557552762966992 -24.875658354238716 17.83357491148285 6.028698132835305 -0.8078497397229558 -16.782245495057637 7.666725209928721 1
2 9 996.0966876954542 164.39449153952407 163.39663461263223 -4.6258465215846085 -52.00071766967854 -41.22384953866966 -45.76341589969912 28.62637287032811 -11.273963493544874 14.265729192482071 1.6723700963983972 -16.223760887533203 14.02093502441492 1
2 13 1084.2774283633114 153.42828875235392 118.24467799113809 -19.325588505014366 -43.09892535994589 -27.17443831988051 -42.702187609565215 -9.965082471747557 26.134271205429396 -41.006879938995574 36.09958587605374 -1.6635531099832122 7.220580229922105 1
2 14 1058.926390287403 179.65183503025662 130.30500416122706 8.635032822660781 -1.8747523414041434 -54.94470839709268 4.8958892689249085 -22.385311113047155 -1.635086065775091 -9.31227419746172 1.4809067342459248 -9.820225839528993 0.27171093537166047 1
3 1 1064.232501414298 237.00842457725926 9.043805114240072 -66.99425215022284 -37.869769913923044 -7.163618956531264 -20.004287685978298 -18.18519042394259 -20.1220293256234 9.166762773811646 -1.0530370740998354 9.69699321663058 -14.828271355835478 1
3 2 1188.73765630543 218.2303491794012 -51.86461712980533 -4.321184245790702 -5.477108376042595 -45.99965129796578 -19.774046068946824 9.731414495018353 -12.94868797440541 -13.46818910081086 2.816745046009759 5.267344404141048 -10.915962842377025 1
3 3 1020.9624675226213 226.45309569920704 91.65998386255403 -30.349027561826396 -39.84306825997672 -12.183422583376304 4.315666020373945 -9.868941847790467 -4.230751780945656 -2.225495551723869 -5.955973290914782 -13.232247646498685 -5.5598629777378585 1
3 5 912.2666633976481 299.601690544538 52.564779156974744 -68.81957285548916 -25.100003923900292 -13.943214395714625 -6.885971311185373 -26.346281930348294 -0.5183464361905503 5.228479258741347 10.433041949186608 -0.7695517956658097 -8.870379045429187 1
3 6 978.0732640804774 271.8640095150127 70.16272955119061 -39.86152569466255 -27.28892020283706 -12.225855994522071 -2.6127423591914947 -12.13012881304871 -8.068313630127534 -5.916686679393302 5.867928954912582 -4.2630518403126985 -16.154155015122207 1
3 7 1004.7044954668232 253.90104339310972 96.17342936064857 -84.90244778318274 -38.19100303909032 3.7680921627114614 -40.17136566165583 -7.07123768053664 -12.546291947832238 8.753350054919856 4.156601303734463 2.095245602651011 6.252638650888442 1
3 9 1075.7264068522022 255.256877122235 17.594849715974014 -33.41514826781793 -16.461074235194268 -26.803399823802604 -27.39003228175948 0.9157310563503628 -0.1030639451984525 -0.7499845372605491 -4.152291388544955 5.1945326001664665 -21.553281952887176 1
3 13 1127.2712532686303 235.48214985782573 27.26557163126519 -35.94792115586843 -31.483008200159222 11.959376278223015 -31.972252922631558 -13.068775260498992 -19.571332563789703 10.187747113101468 2.9836238397772576 -1.9465593178684193 -5.2492524326354815 1
3 14 979.2710209461964 220.28869134472052 99.16745774263389 19.236217469723897 -51.383318039112616 -11.610784405382025 4.100704816172214 -12.381036959643465 -2.6601664238965275 -6.441483103441447 -1.5233620182751915 -8.572641573809253 -4.34600030643833 1
4 1 1233.922669426648 10.68726921776273 88.45797410099502 -80.753126426293 -90.38634836722567 18.31394564065923 -12.67217844769099 6.347138612216482 -7.100340737605733 -8.96792494403925 -14.678854506803868 -7.877286505040057 -8.35687640716714 1
4 2 1278.499769188202 89.15457330132669 31.234990907064457 -33.090748351567164 -82.6299978823366 -6.731220054204322 -0.3330368551941275 10.332457605040196 -14.1983823451843 2.498315896225099 -29.364194416344166 -3.2873026922573216 3.753409457373345 1
4 3 1056.8446903458016 217.50526974518823 112.4217196850777 -64.04094068110922 -71.57085077288033 7.066803531814959 -14.185828629870873 11.056197631390372 -40.35589633521126 -0.030907532599857093 8.25941356631531 -25.142750416793252 3.3174568289057778 1
4 5 1038.9255072081448 208.1599279425251 108.0312723459346 -30.745622594254286 -47.86654355464022 -21.987428859728293 -25.098859373340094 -5.578579713832061 -15.726432553433975 5.438132970716452 1.867553613074588 7.153491319036144 1.4314490916476674 1
4 6 996.963675087804 235.5194674534966 115.09103148650571 -62.598708696920525 -47.062079429864 -5.961716009196493 -19.131313951228165 26.998645728449745 -13.232689517847664 -4.277015023228204 -15.199672075075949 -1.2640468214011793 -7.472239352844955 1
4 7 1134.0269527961507 119.45838872699268 154.32961111547274 -106.21072655711997 -61.99060156682719 1.0787502146998895 -28.903630042711207 16.371818832952684 5.593625568185718 -2.457215579639196 -20.487939786529303 -5.180796825029343 0.28925488543346306 1
4 9 1099.753927274451 146.31289216962372 114.54189425028264 -67.60921641630023 -30.523007738245113 -11.322247097770227 -19.515987950831327 -1.1991727267764787 -9.841978644415352 25.14547683767933 -14.500278576434335 -4.808187821475769 -10.964333527825744 1
4 13 1177.0231684236155 94.35765222283781 140.01375846943233 -44.41693949686072 -20.54069596677035 -19.175673782759453 -44.16715438672148 -1.735231746144976 4.439248051870641 4.319585395917599 -2.2870783236479104 5.07165407475291 0.3574472827370534 1
4 14 1045.0050117858484 199.44698492322473 117.78123367723423 -3.467034566279612 -61.51248988380865 -22.369184527648738 15.75226774118541 -3.5098268198993208 12.613354032619435 -14.827867211143282 -17.76494325798487 -10.777228071341382 -16.605223419881916 1
5 1 1129.3005009107326 171.93092456800164 -6.158694321378571 -126.03267427913799 -11.188728954524322 23.523960157037425 -31.367755766830392 9.97627065616639 -6.945141858322525 14.11834683650427 -34.44766031219503 -23.246298665746416 -11.953317834845183 1
5 2 1103.9345714304864 225.90004811531605 -48.629754113614254 -61.411674384419236 -30.4508008984966 -22.295594904727963 0.8971656920317793 16.440516495414855 -2.0350527754084924 5.277048322290631 -19.509186071355934 -9.705265794091764 -11.314215364406305 1
5 3 970.1975778460782 244.32301252037456 12.915491940318487 -112.45264759444116 -48.06037857594555 6.149380463404283 -9.268518944890776 -3.2153274643514016 1.0101969099144 -3.112346822565859 -13.260244499627369 -12.387852824368046 0.1205779486043833 1
5 5 1006.9776704728719 241.5897057253198 27.401878996583612 -95.7933585276574 -28.733172771271374 -26.311912059656237 -26.19734528142071 -9.938987581494443 -9.871103252904389 2.608047132493344 2.506228223023279 -10.958263312658659 5.716774204521638 1
5 6 894.8333564042617 326.4315706927417 77.31060491871392 -79.53797600480674 -61.07186766298251 -3.326220933851347 3.6816921385334216 -14.05747833254733 0.5001804193720796 5.7620557505136905 -7.857076587472989 5.705433735304374 -6.824117564185105 1
5 7 1045.4006705750878 240.34748620034972 39.816169556500164 -98.26369801662747 -38.00749335979973 -17.745376665026026 -9.649778465209934 14.135808009113855 6.926748365461883 -2.4280424319154457 -10.526196529344165 -21.01740777798346 3.7664529375142024 1
5 9 886.9154474393455 256.83440921485334 46.80644349477331 -70.20657907403657 -52.185823045860275 -5.144588351091001 -11.914195981956741 0.3630252392577264 -4.080867305056863 5.315439872525781 1.2371860904665546 -3.0089251135120305 -16.70135512898629 1
5 13 1148.8615419946573 203.77444090608006 14.164781398705154 -34.979909766034304 -15.643351543972825 -32.0061355706647 -16.50889933056055 11.987334545948416 -27.877457402294887 1.09314089745187 8.828522197962942 -10.634761968122021 16.640939291021024 1
5 14 1027.585082225561 252.52891921880436 39.230759584674885 -44.45065916944864 -54.325302587910784 -12.251262792441151 -2.5113499354202125 4.648298350147631 -4.008878649856489 -10.008867102525798 0.4307563613129487 -22.595957399800692 -14.46315439755595 1
6 1 1312.6557342635465 103.99917303721402 8.754955606860044 39.740180779240674 -54.955601106736395 -12.396128243572225 -27.860584432715616 -8.208623274700942 -1.937412223927038 -0.4264845663628543 -3.0682137594862033 -8.027349545847308 -20.369503197367763 1
6 2 1229.1267889943922 91.20542060225827 -46.90787560340068 88.51417095513057 -31.18974338778168 -3.816772762323014 -16.468150035358633 -20.564444618920945 -13.857756574160437 3.9470728513771562 -15.353435253404887 -6.8630966973563945 -14.18634141375163 1
6 3 1045.5974458833196 226.52211734646934 57.2787177535135 8.777738910531337 -33.90009448559227 -16.09150984249621 -10.657648491012507 -28.505368885707846 -0.07179792141559296 4.424286961740838 11.43932918039093 -21.90633930051761 -4.959954938748429 1
6 5 933.5379977792729 235.40611322031157 70.66712000138729 5.3661047393146 -35.831946341409434 -34.61740367308184 -51.782749321195205 -11.193458218542862 -2.772137103341526 7.066559683659021 13.04809488713594 -3.2392373352222665 4.4538356034501385 1
6 6 1031.314655441698 264.21245637756607 77.64048419101344 -5.522764701839272 -19.02560154532748 -46.90701005202614 6.58816002665853 0.4763663990098029 -15.289999392383411 -5.236009750416746 -0.011985344031402513 -2.6671476306969066 -6.818826931487493 1
6 7 1161.3460668054684 129.9394249491636 82.14104127700846 -14.389770768245944 -17.24449062637334 -45.09514432361763 -20.145133717807482 -30.68062311676419 31.811819892787504 -14.972088058048081 6.459183030118747 -8.477797324410739 -9.122322987685735 1
6 9 1103.124701488036 185.14219075440974 94.31433248856283 -0.09400095284568276 -44.74569625726063 -37.60932841526166 -10.773502289772694 -16.286490745045374 1.4413399197097347 4.807889618997958 10.197830230519916 -6.626651365205016 -8.565880105410752 1
6 13 1313.3699145186151 96.83459675190201 56.62466023545875 23.292229025773295 -18.889683597665385 -10.190912340729382 -26.855392319031477 -18.59561196978225 3.088534190547471 -20.156523461225845 26.572259098198124 -12.813383949121492 -9.168398522102672 1
6 14 1118.1619909028545 164.84227907773362 59.06635637212942 114.74684773245927 -72.64686813673434 -40.65751935706165 -3.8864757814800783 -8.440099394512748 12.612239616250724 -16.49429439911587 -0.2292531368185217 -14.396048569954555 -7.576331413136409 1
