1 1 2.2861e-005 0.00421 0.533 0.061020000000000005 2.665 16.346 0.057681 717.6901089798452 1506.043117899718 1965.2866737368236 2884.1867775199576 37.36978814214242 45.58048988016507 108.89351994504005 43.39353346374773 11.669381945230619 16.682789291609765 21.30732404569675 20.326353500035882 79.93077151336692 1.7320479225153413 1
1 2 1.6979e-005 0.00297 0.519 0.05917 1.121 18.674 0.014738 732.8828714620033 1436.8143798828214 1785.6958565315324 2771.5010566421015 26.423864985452646 25.215068308246835 49.593348826576275 73.41859229895464 11.427474056383655 17.48660115863335 23.45024201452559 21.152797275505623 78.68663173187306 1.4349871244926689 1
1 3 1.7681e-005 0.00305 0.237 0.02705 1.916 25.989 0.002716 380.3695484597421 953.6962531655718 2000.5997757233317 2926.8585299222336 7.358451624266522 33.73393557542004 97.0247424159708 57.55767536830041 22.018061208930877 26.3448660059253 20.931222980298386 20.030008078852262 84.39377349502271 1.0146917922420844 1
1 5 1.9749e-005 0.00314 0.399 0.04475 1.764 21.916 0.007666 446.8127664055684 733.4489222953328 1694.1014739392292 2943.7228534913515 63.56712993997646 66.01299057537878 59.939653220175494 84.39072763685084 18.743869087209738 34.25596416635417 24.71811791924699 19.9152579633877 80.29322208487716 0.9740456080133537 1
1 6 4.2847e-005 0.00624 0.699 0.0795 2.34 18.858 0.060356 372.8866838345207 890.6759617534704 1748.6414461959073 3019.2838202776607 84.16081225101294 209.81101000585582 312.7247785771594 177.18825406280413 22.459906355134553 28.208912195784997 23.947162004593466 19.41685627772771 82.5654870807696 0.8741850427935027 1
1 7 2.9704e-005 0.00468 0.463 0.05327 1.212 19.128 0.013157 388.3637842867701 1109.590589547918 2565.4397208123955 3278.9225982170005 16.912188032145053 68.67130354719387 264.1864809954317 52.84412671042549 21.56483261017935 22.643486919113755 16.322737837215477 17.87934854939207 84.35091135077188 0.45859621423038766 1
1 9 5.6918e-005 0.00886 0.676 0.07818 2.135 14.871 0.047633 417.20585842014043 1521.829209495634 1771.8803275146852 2886.8454786986595 37.70941294564909 85.52840928730066 76.43597309585158 103.25004969943467 20.074023005607202 16.509736994946334 23.63308590864918 20.307633516438553 82.03288476954334 1.1819783352535236 1
1 13 3.6294e-005 0.00555 0.665 0.07553 1.242 16.675 0.023304 488.48095295993454 1354.7676565942131 1963.2662267792973 3142.640456369453 30.599707921615334 49.1159520268855 122.70054027862987 71.53926607376364 17.144987842928078 18.545615462331316 21.32925195208761 18.65469525194325 80.54336620623998 0.4376767679449015 1
1 14 3.7755e-005 0.00601 0.642 0.07295 1.713 17.261 0.027069 273.0091667866558 1639.4824336739157 1915.130864494848 3034.7389865131463 47.37889748141952 54.39020495569868 124.72156563284572 81.35935248974457 30.67662561874591 15.324958342918865 21.865346528705924 19.317971087641688 84.37778717615319 0.8247829200829873 1
2 1 2.4457e-005 0.00442 0.347 0.03987 3.419 22.916 0.007958 353.74362152188905 1500.8558525096175 2603.8430027228824 2892.8338996842936 6.190573777655056 256.4359102249733 47.038781767648686 103.22436157513766 23.675338551600625 16.74044843013263 16.08199878264957 20.265594926275572 85.44222992650055 0.5308264422302113 1
2 2 1.6763e-005 0.00301 0.248 0.02796 1.293 26.717 0.003073 348.0556375773225 1448.6719499766293 2375.823470057928 2706.8179699694683 4.807717268700611 221.18235226423965 150.54860695277915 197.33894629199168 24.062244928124308 17.343471032489674 17.625467770540627 21.658272056122513 84.29550456913417 0.3617316420176983 1
2 3 3.878e-005 0.006670000000000001 0.586 0.06162 1.137 21.084 0.009555 362.20477719315767 488.0147445437959 2536.8191949294187 3328.042577270713 18.809365444478942 87.03044134081026 104.56692549669579 74.22937272522704 23.122279239110515 51.484100185307426 16.506891813062413 17.615459730108874 86.08064813997848 2.097248254196209 1
2 5 5.1993e-005 0.00822 0.788 0.08574999999999999 1.126 19.833 0.013541 324.1293792439245 733.0189393521439 2555.1137439211334 3097.7568337046378 8.78386402285249 128.93050056923795 138.72319711207027 114.7013326643995 25.838447657956266 34.2760584360971 16.38870289028218 18.924984479782356 82.53471679295087 2.1231596375565727 1
2 6 6.261e-005 0.009250000000000001 0.668 0.07456 1.208 19.163 0.017223 295.4312800962435 633.2356207313644 2330.6116949529073 3203.767582862979 22.78551238520074 310.1317443329106 191.63458108055403 119.84640481240031 28.34838611968121 39.67717414724953 17.967386026030447 18.29876808592058 86.03157526621375 2.2856202952846942 1
2 7 2.8597e-005 0.00502 0.456 0.052000000000000005 1.037 20.389 0.010478 333.1665190600917 2242.460521890279 3366.561767278888 3737.0632630913096 12.824620086175214 931.9683837591442 384.370179896236 94.63435970001584 25.137579921376915 11.204210622544613 12.438506373773313 15.687451849960182 84.80620683752346 0.7202560491180002 1
2 9 4.1425e-005 0.0063100000000000005 0.526 0.06083 1.381 22.398 0.006698 302.6404190538786 1136.8670219822015 2613.6556115254693 3016.2448217139645 3.0336797867670984 205.9634798336185 58.3994617054616 159.9612895717335 27.673104690319015 22.100210063436382 16.021621140651927 19.43641960956162 86.02609822176142 0.8518005223417074 1
2 13 2.9109e-005 0.00457 0.417 0.04818 0.686 23.367 0.005152 312.4142050266783 1315.0744080753627 2385.084077725511 3412.729326616542 2.145134312154592 134.79354282469635 58.050565448957755 40.04208846933881 26.807359797499686 19.105382817669557 17.55703305852986 17.178332762218258 86.71437755744756 0.40714578710229893 1
2 14 6.3613e-005 0.010169999999999998 0.434 0.05063 2.042 22.429 0.006675 244.07476826534543 1148.5822251111726 2519.041070063446 3445.4463735613886 8.598181869391576 289.5006212208144 208.7392493785584 98.89211205206023 34.31325597283835 21.87479437753629 16.623389152978483 17.015211860459814 86.66568502190322 0.5771505714145574 1
3 1 4.7444e-005 0.008790000000000001 0.84 0.09646 3.175 16.99 0.038785 356.61298577266984 749.8865752207197 2085.9662024021895 2941.462985137551 9.483897378672157 12.856060820353328 134.20168316368455 31.90111225417165 23.484843048701578 33.50506707311672 20.074630141071765 19.930558465708017 83.53217652456245 0.761857955474007 1
3 2 1.2446e-005 0.00219 0.226 0.026240000000000003 1.67 28.091 0.002075 380.13666780052984 1056.9265720046192 1522.2067702500522 2922.041656402755 7.873803976416464 28.964831725729308 60.19893911981319 48.07327830034535 22.03154999084339 23.77175545160785 27.50940333363595 20.063026778397 84.81901284742328 1.2128410859485133 1
3 3 0.00014016 0.023690000000000003 1.666 0.20881 2.99 8.888 0.194675 362.7837699528633 709.1613066068371 2526.391649843512 3327.2023415411836 33.84300559711276 126.38645703012385 119.88731953672371 70.73739486316153 23.085376727542606 35.4291749506427 16.575023117493995 17.619908253864864 80.02518398692119 2.3367941018327127 1
3 5 3.2968e-005 0.00512 0.636 0.07765 3.01 21.735 0.010399 317.2860123582493 718.2719467853335 2265.8570147484843 3162.8621795332797 5.701263679931949 27.670550232292936 130.50147935361758 76.89345736407257 26.3957428748663 34.97978740844377 18.480866059700695 18.535426671247137 84.26265849265084 1.060899904060261 1
3 6 5.6994e-005 0.00821 0.647 0.07218000000000001 4.126 18.724 0.022797 298.0048552800785 602.7714542283044 2374.7863937064426 3261.2265512323584 14.987341470434153 52.132204963768174 100.44204424043323 68.77582595596705 28.103568957387605 41.68246492721885 17.633164865259182 17.976365357949962 82.13444904341436 2.2990429719923964 1
3 7 1.685e-005 0.0028899999999999998 0.239 0.02738 0.842 28.006 0.001815 336.85007694436473 696.8661308184393 2650.8602520062273 3208.861387741474 2.9179651732153946 29.62896722520567 50.03107144746394 133.70420626157477 24.862692851286607 36.0542705246584 15.796758794926332 18.269720288934835 86.63111757571693 0.7135350974270492 1
3 9 3.6885e-005 0.005600000000000001 0.391 0.04485 1.047 21.709 0.00811 330.65320728859245 911.1543049709321 1973.5979799250988 2915.979466899991 10.330846331368631 67.1585218338671 133.41282371617555 106.55435516230283 25.32865193922145 27.574912243652896 21.217593666968195 20.10473690417473 85.03083833021107 0.8312069452276879 1
3 13 2.7953e-005 0.00443 0.313 0.03566 0.955 24.027 0.004423 336.40210271198896 790.7017300117334 2371.9427482414526 2758.055373045063 8.39518263032326 23.703791997095735 118.152879146662 143.71331524543314 24.89580157936844 31.775572312997426 17.654304696454385 21.255918417357368 86.49954077165978 0.5845170711835711 1
3 14 6.6636e-005 0.0106 0.562 0.06365 1.221 19.895 0.012128 292.35463808369167 1018.9636903036376 2430.794023630922 3370.635791207412 40.92316320410244 748.5086820408535 525.8239732776549 272.01819589662995 28.646715013300074 24.657404615186127 17.226881254813414 17.392861059901 85.3976610542631 0.5564949044461482 1
4 1 1.4488e-005 0.00265 0.415 0.04775000000000001 1.784 22.12 0.009832 460.34124530501737 1107.705745631013 2368.697289321126 2903.0128488446394 57.02539681067683 426.1109990143953 34.685056854673846 57.90693185947488 18.193025468423563 22.682016500408555 17.67849365505099 20.194536866528846 82.8193318301133 0.9918954078469352 1
4 2 1.2689e-005 0.00222 0.246 0.02806 1.285 24.467 0.005379 469.62083871713185 1525.1390498889123 2413.57490023554 2883.056339478803 7.406593222427744 40.32884501556988 19.07743499594503 59.887479600784104 17.833535715489276 16.473907740956506 17.34978267959011 20.334323404376548 85.94068214000816 0.3450343400003615 1
4 3 2.5172e-005 0.00439 0.488 0.05437 2.102 22.241 0.007198 471.56092440822874 2300.3076015875176 2824.798644891694 3595.786733793656 84.39438006762332 602.874897080757 137.4275664563411 207.39239088925504 17.760165371017447 10.922452276669613 14.824065451789231 16.303803406646693 85.77916353348056 0.7973950911575649 1
4 5 3.646e-005 0.005490000000000001 0.567 0.06403 3.328 22.062 0.008089 337.6941081948469 499.9444664357358 2516.4692486273884 3100.658211622415 30.984419795839063 260.6005862059835 72.66341051671977 80.26398980111139 24.800551140109587 50.25558174315673 16.640378189735788 18.907275810101158 84.78408099510952 2.117774769491521 1
4 6 3.7749e-005 0.005580000000000001 0.647 0.067 1.2 19.107 0.020933 331.5949013884031 656.3945996046781 2588.9617638128975 3083.4143654675254 64.64220354979817 619.5672451418611 144.81546887008494 220.88140427050422 25.256721273256886 38.27728018349305 16.174437407808036 19.013013838349597 84.19849193581663 1.977027837892745 1
4 7 2.2001e-005 0.00369 0.316 0.03637 1.527 21.885 0.009662 437.429262472308 2599.5069658767516 3106.0579823830208 3681.3811640854724 11.164604977545476 25.838860512180958 21.468781993645067 66.93356913604788 19.145952771118484 9.665294353818336 13.481718705029706 15.924729710666513 84.02647836812474 0.5982167362988922 1
4 9 3.1676e-005 0.00495 0.449 0.05179 3.776 21.436 0.009621 340.6749359717683 1047.5618383602725 2733.8895030342374 3107.5873570424155 62.9291665821402 866.948928686984 173.68479227175217 157.38707109626884 24.583551989554156 23.984264298256278 15.317005297223817 18.865117296588302 84.39555979762326 1.2963283442710873 1
4 13 1.9157e-005 0.00305 0.452 0.051820000000000005 0.778 20.372 0.010037 338.23655538902426 1807.7304880027 2638.6147185698164 3161.4055770324653 10.962903056236536 121.09175620107284 43.833531508008136 22.696968879617383 24.760777232867266 13.898642616665585 15.870069891331886 18.543966780443863 85.67787778263264 0.6405631502933262 1
4 14 5.0044e-005 0.00799 0.552 0.06347 1.469 20.736 0.010934 367.461756497682 1422.2982810248677 2626.848382725313 3331.3906634963223 50.31523861071437 782.2852307629615 406.99407784078676 377.9706198021751 22.791487418508627 17.665070917399717 15.941156054296274 17.59775598892763 84.97746587884481 0.627521367354867 1
5 1 1.2033e-005 0.00221 0.293 0.03464 1.021 27.497 0.002858 468.3444121806949 794.7614229067635 2129.1290862651426 2918.0522416853782 14.937836905424799 43.90714853272474 211.84867351934335 35.921102492081616 17.882139259449065 31.61326062871513 19.667666122327947 20.09045594267359 86.01967660459175 0.3919447907387438 1
5 2 1.7647e-005 0.00299 0.29 0.03411 0.837 26.935 0.002993 487.12365239797487 981.157386758139 1538.8738486143075 2920.4482791855835 5.840702831004136 63.59171341992714 168.01347791481447 25.604257481729398 17.192759905564415 25.60751245324259 27.21145728592809 20.073973032779946 84.63984941066 0.6839049602916975 1
5 3 2.8539e-005 0.00496 1.127 0.11583 1.309 15.869 0.031849 458.3551840448741 686.9287046376987 2423.2091568122673 3127.505151067343 22.252392056170212 29.749096515921025 110.80874496603549 115.79185215313144 18.27185617514488 36.575848163531724 17.28080297248735 18.744973123383247 82.67492340942229 2.050770159022206 1
5 5 3.6125e-005 0.00538 0.63 0.07495 0.902 19.721 0.014912 346.23862693214596 684.4521285355929 2293.3209263135564 3257.217540147072 13.772785678585018 35.61069940143611 93.61866966958237 75.57467833984713 24.188520137706323 36.70819178217144 18.259546459253215 17.998490821510472 84.4351501944273 0.7005790596192789 1
5 6 2.634e-005 0.00381 0.395 0.04485 0.66 21.529 0.01211 335.21104590264207 607.9009175262897 2234.1433263496724 3189.771403647651 15.590324106343015 48.146054758401974 98.4491098382831 80.41068676429237 24.984260221640834 41.33074860659908 18.74320215096443 18.379059995634673 84.99068938902073 0.5723622215026357 1
5 7 2.1098e-005 0.0034999999999999996 0.313 0.03601 1.089 25.446 0.003525 443.50721858919724 593.3690815708148 2725.806730516977 3368.0939168090813 19.286380326469374 35.03827606066792 94.38481715290155 139.06103968615747 18.883570884462703 42.34295446181162 15.36242446362218 17.405987317462063 86.7155363350058 0.3774605019724324 1
5 9 2.5615e-005 0.00393 0.495 0.056799999999999996 0.65 21.379 0.008855 413.7355287216162 593.0771652115845 2058.6513688195637 3034.6049914106497 28.45407306485451 82.73607228470661 109.53933363622524 60.16164732653739 20.24239983904103 42.36379593376601 20.340986645063285 19.31882408614503 80.18492654050726 0.460678747699809 1
5 13 4.0094e-005 0.00623 0.68 0.07861 0.603 20.47 0.011994 356.8503830440723 992.1978163371332 2114.9851407309357 2749.4349168795825 9.48849802779916 80.56737191637842 278.8852966141637 96.99697640804753 23.469219588775548 25.32257135250832 19.79919347590691 21.322563280215885 86.02105352718559 0.41910990778836865 1
5 14 2.366e-005 0.00372 0.534 0.06145 0.461 22.142 0.007466 359.5819757256717 464.74645322239496 2108.4879659973385 3071.687209544675 48.040548506139494 18.43966837181876 97.41710776381882 101.34558536829634 23.290933821414235 54.06173586864781 19.860203461105673 19.08560214654478 86.22050074179562 0.288931585242797 1
6 1 1.9666e-005 0.00359 0.361 0.042820000000000004 1.889 22.663 0.007406 365.0009368955518 1385.3493646187126 2157.475797437642 2608.3271401795414 12.318116670822398 36.014859569519025 52.26481543541014 128.97103064549495 22.945146582997896 18.136219383848427 19.409255969282928 22.476091705262327 85.65203172208908 0.8331796523857733 1
6 2 1.63e-005 0.0029 0.216 0.024480000000000002 1.715 24.584 0.009289 418.02777379838676 1304.3389968926413 1817.050011244668 2565.166497664602 22.108859780392187 49.40874767985591 29.797319072021047 56.040429722342125 20.034553981667333 19.262630389688496 23.04559574082162 22.85426698554414 81.9485375586928 0.5643081362449862 1
6 3 5.5975e-005 0.009519999999999999 0.729 0.08407 4.307 19.745 0.015384 312.106933497196 1071.8552858142314 2235.9371426121284 3009.9547619584746 20.06785986714801 173.09530850923286 61.09837690614079 186.68601140929826 26.83375183677309 23.440664362553267 18.728165117861778 19.477036911297205 86.27707869847932 0.677345945846591 1
6 5 4.0896e-005 0.00608 0.479 0.0538 0.983 24.405 0.005089 297.53027780336566 977.819781025519 2280.058479444566 3108.5792177930834 1.6711100064727997 84.57817108446827 65.82170762448835 101.68916437592033 28.148395725745065 25.694918928362622 18.36575700909258 18.859097964896147 87.80178450088918 1.6033268424283282 1
6 6 0.000105939 0.01533 0.658 0.07561 2.315 17.416 0.026226 282.84099603311404 777.009728488425 1954.7606137076848 3170.3648802121443 14.726947107619486 147.70970968185452 115.24402524777761 78.83515037358173 29.61027615324719 32.33550247675475 21.4220604335657 18.491562395832847 85.27841007896853 2.5847001286068743 1
6 7 1.5415e-005 0.00254 0.242 0.02791 0.679 27.766 0.001885 331.16485587636527 1320.778424520561 2178.368283227459 3323.4907073631703 1.8968125125328972 58.53828242946397 26.983107732306944 50.055382272784854 25.289519257220526 19.022872825258563 19.22310397301517 17.63958595404426 85.9392527842918 0.5477144362365047 1
6 9 4.432e-005 0.006770000000000001 0.418 0.047939999999999997 1.416 22.391 0.006415 298.95700811067627 1151.3849303864847 2000.7834851746468 2988.450287256445 6.965492365656022 129.06922744647076 133.93339615155924 76.30693151340545 28.014061462976336 21.82154667559033 20.92930110143565 19.617190973526565 86.49367255327847 0.47807066197846154 1
6 13 1.3212e-005 0.00207 0.36 0.04153 0.991 23.362 0.004932 320.0606375827364 1419.2986708328453 2308.219274208209 3227.2425566220436 5.157807914784831 11.385779494105082 10.256862308370286 41.18440924850605 26.166916566974106 17.702405079585283 18.141690639146244 18.165662782212074 86.85842980940807 0.1844174034122018 1
6 14 5.0906e-005 0.008199999999999999 0.485 0.05604 0.79 22.034 0.007278 255.92761198986 1563.9237961995918 2060.6084738641725 2731.1401277204704 10.738602512840208 37.52453388692255 80.83628532125076 181.88934182224708 32.724097001037244 16.06536076825158 20.321667376953744 21.465394398833354 87.57464471154684 0.2921751556394171 1
