1 1 1275.682244741092 107.77310907885003 -16.453369075815946 -32.797975579030904 -17.131417002861596 -64.10648557534982 28.375054562850963 -48.33432884571424 -15.441383559654193 -7.594719611117389 -28.041024333582158 -4.8521762561785255 -11.568500407913087 1
1 2 1286.07866885843 110.0478301999277 -51.209907717817195 -53.523580446079414 -23.046126066436827 -27.535414721162216 6.806096895965322 -43.119214652878334 -31.30657420711071 -2.984204501262263 -15.408663840237343 -26.329570684060137 -6.985811993933779 1
1 3 1324.705943361447 -24.812596011063974 -106.91776315322969 -8.715107328339697 -7.470449772667333 -9.373849917085869 -15.610909721138526 -58.6146153118065 -7.800232404164956 0.13846602220711682 -22.90196284170696 -20.677311841194445 -12.282885716900752 1
1 5 1228.5826488213213 132.13070442053245 -90.16722317938927 -45.93794476128488 -29.625286092810672 -38.33643010970399 13.235002144522644 -28.195506359574832 -35.116474671769105 1.4411959793644509 -24.213700211831597 -13.14338654893407 -14.088797552591162 1
1 8 1076.5336905004656 165.2155671375394 -57.76320128733057 -80.4861733549386 -6.710102569905674 -34.319918691288834 -0.8335572566043816 -21.694703562715738 -25.111995964192754 -21.539853635442373 -9.180844734422081 -17.1905362504605 -12.45180037559334 1
1 15 1339.0707738590079 4.7969573337026405 -39.520274522062856 8.149324686339417 -16.39950804704678 -52.83141162303311 10.79660575550861 -50.15261538796273 -6.609336389305843 -16.74003971354836 -25.17326417909777 -5.271621626619216 -4.012766880660741 1
1 19 1305.6852328067325 -45.29999543583806 -104.38179324688777 8.648292034739823 -5.508991732254975 -52.17761358125197 -9.081390768016 -57.66580913383648 -11.073572681858169 -12.842067998122825 -34.49158487515196 7.1489199813010345 -7.566898378889942 1
2 3 1221.2101792297212 35.878934557290094 67.52143438644235 -131.49446782824566 -33.52613132033989 -25.326058237671038 -41.74369404683599 -15.914488399853827 -52.31224090794607 -18.47934418224578 -21.49174778769728 -14.832639726930857 -8.47417232791241 1
2 5 1035.9600499743872 147.56727380453182 107.11749738522016 -143.6648537150244 -75.50424111194194 -49.12460335819416 3.095418788220101 0.8196861203669037 -36.45154808131395 -10.843851779882634 -37.648130434155775 -19.116012173060764 -16.146399471127737 1
2 8 969.9629647325896 204.3046950322625 111.69796205853763 -112.31598654331908 -53.495231492358535 -19.386971375821716 -35.0223969865338 -1.1036481302464145 -54.79998283601947 -19.054149768606077 -13.034038635270576 -13.726506448304779 -4.353308086656463 1
2 9 1091.0732691496407 105.25566630923022 149.56053102243817 -139.22061005823304 -50.04828642543386 -36.33263426930928 -24.796956347334007 0.7878517122612501 -39.2165923784399 -24.711355684851267 -29.01659611860275 -10.572002932153698 10.218679647042235 1
2 15 1076.9465862649333 95.80579466831375 132.27257719191687 -101.1248924941788 -44.226920814946986 -52.48557992142952 -39.28401975263976 -24.62785848127473 -27.634814131209005 -13.361652389542247 -34.17230384459454 7.545710433264685 0.34383995910878346 1
2 17 1150.9260356514912 61.51542362755808 145.6141755293674 -143.74646323863033 -23.970596816173426 -19.667328884434575 -31.22787854354775 -0.20886564025057197 -15.002758631540658 -20.166301725084463 -24.165114860815574 -4.177469887361204 -4.899035575575555 1
2 19 1249.4945380548616 25.768056297363174 100.24333108192441 -54.81698112760792 -47.070732395840345 -63.639158134586175 -6.900908907705684 -1.8749385749066305 -36.745882484904975 -9.607347599135093 -12.452904709670852 10.138035613904234 -6.730201933809271 1
3 3 1113.588994454933 178.709776096124 -47.875823481154875 -117.50816283596222 -31.7987820543484 -9.068236866631777 -16.980807936163178 -56.438767100650125 -36.78237651478596 -14.408339099394546 -20.26044806534623 -15.62465323189476 -5.653347331385876 1
3 5 996.6559481179361 252.24564561054802 -26.27754114281962 -152.79221295425677 -55.28605749460561 20.990491319028283 -28.216451121496025 -31.74099687078439 -22.158824272697753 -10.760087089528696 -25.63355916051196 -17.031834449172287 -4.419609629493931 1
3 8 1000.5558702188393 256.5511932548464 -46.41170479229359 -120.46065560287684 -55.717870847550905 -20.607451321906673 -13.07637387288921 -21.543394091228524 -8.465170774030057 -23.928390481977413 -23.720827384900122 -20.763432357922422 -12.504833469306138 1
3 9 1051.5645327726404 204.28434792115272 30.752845558708778 -143.91064742133716 -29.47855738254435 -40.460297672120625 -6.831847028589387 -37.40909530538887 -18.472215717516317 -21.290334247363486 -29.02124628408697 -5.701697971177693 1.9007493587368784 1
3 15 1038.2815828501923 204.7298038866802 23.468573176109373 -136.4583939227947 -50.71401364803879 -54.31750706260359 -11.006613444563266 -51.11619279979829 -10.133195210888685 -44.44394185307325 -6.844866381175629 10.759452596687343 23.19334734145039 1
3 17 1054.7000995379358 186.53323747729013 39.3842087278486 -151.6883347877393 -34.74850951939046 -55.37667128606332 15.06825283098533 -45.48456546622214 -10.919877364151063 -41.664809795251315 -16.26792909613949 -14.764750978749834 -8.778691409502807 1
3 19 1182.9831803454751 137.0719147043386 -7.574046660207052 -119.36003160747816 10.503940277795682 -72.79341141304626 -10.939842661390333 -37.19545806566371 -15.051365600685815 -21.39826902215947 11.881063541702481 -11.01992807824801 15.475056086906234 1
4 1 1119.7449077661552 113.2872544150976 83.92033967748613 -121.14051824618062 -96.08749948986828 21.696536717106394 -31.248492402840505 -15.375645154232632 -22.253377779040278 -27.334562721969583 -13.92135916724852 -5.755933711469027 -31.398419943100578 1
4 2 1148.0728051888111 78.22898702089402 -2.040324682027178 -140.62642782357537 -86.58905206962167 -10.72281100005465 -15.434589784858094 5.07631200615049 -43.562857060558386 -37.152890360957635 -24.824701108329073 -16.563654488918385 3.594075255803608 1
4 3 1315.0867576206401 4.6053333147233815 21.43644768108841 -112.82016919904147 -58.87247547361674 1.0935771180215046 -41.59343072668735 -5.233148408130608 -4.066561018462429 -28.71856056616242 -13.542911776721583 -19.408997722182754 -20.27801453401363 1
4 5 1029.3369093235845 121.93952246193837 36.65214042017601 -146.80447681008485 -112.56270434279172 1.1948994666883999 -25.420413833146938 37.07206266870347 -14.68917138526532 0.23495790492863405 -37.26509912241261 -29.945514305645315 -7.755055837868512 1
4 9 1146.671839663906 44.4269237807016 99.63707263208951 -158.22631464447736 -93.9061805843428 -12.587981874801601 -26.023939812250113 2.751524124519347 3.152830246004296 -36.86781906528596 -41.80299879848654 -15.662059279690771 -5.824107526743117 1
4 15 1258.00142457661 30.60375438447279 40.34779974384503 -103.88129464145482 -59.9668120813562 -43.53514674086594 -10.394645301245442 -4.892096805069606 -9.353786989410386 -20.17766612529885 -44.1350038798818 -16.97405080884753 8.260400246843144 1
4 17 1179.6220281754124 14.874885394260229 71.52433209642442 -153.45835470936967 -69.4058007335264 -17.555381263650226 -20.648449027688 9.609144416920664 0.5680515900631235 -47.86423196567256 -19.73729049006885 -13.866288710531096 -11.673153459438469 1
4 19 1346.4856297985643 -47.06065867344292 -11.524693261870874 -67.55482534070481 -67.33493939365383 -47.341485575878906 16.693351839597945 -3.3633670816863113 -23.817391206650726 -35.11469994161788 -21.098196909020388 13.179382547948503 19.992305133887914 1
5 1 1062.3432337217785 241.2980696558519 -37.73180513872479 -148.5374204139294 2.7712620115211313 -57.14911983518717 -6.2154138252341085 -21.385137759621863 -14.02638308825259 -18.056934556650667 -24.67511248550327 -26.332148356559518 -4.704136574130454 1
5 2 973.3559393139269 212.2846104500112 -49.363260908374585 -152.04824593088782 -30.586432232559005 -48.93105873084583 -5.793890183379334 -28.37599390667274 -10.38568939263533 -50.081336481041305 -16.99927726490204 -23.75997439961082 -9.596743086437138 1
5 3 1136.7307426806967 147.55162587194513 -97.6082007878979 -118.76667870302022 13.216469510561504 -24.346717550317212 -35.84130737138264 -31.095091309679876 9.205900979375228 -9.28332402427779 -28.886888913013227 -19.752519957892734 -17.67115195964444 1
5 5 886.1017834084254 215.13486386079418 -63.77233031700851 -177.7847055029486 -57.39346342955846 -15.537777179613384 -9.618904976143208 -11.80159515969373 0.5991730373948729 3.0838031806441113 -44.82849539280696 -27.902636702840052 -0.17947835455555627 1
5 8 989.0519376816317 241.9581620515748 -37.338436147146204 -131.43951533633404 -60.69347630766903 2.7199370801056513 -1.2245600577181963 -35.07706257108043 -11.174048435417873 -5.936981471005311 -19.07983318348129 -19.03069153085871 -15.332053752841103 1
5 9 1033.9325113429354 173.20828039101903 39.652019706372435 -185.95048965391348 -3.238621874092293 -49.655112834895235 -21.496195960182988 -10.13197773273516 25.362260402982486 -30.31138173079588 -57.04720686012358 -12.659073016484758 5.004082119448138 1
5 15 1115.3069320266097 122.92634541015248 -21.797229593075656 -142.13717840000098 -25.83174552681119 -69.15989260342528 5.899985802973061 -24.09277756365046 -0.9293782202177767 -26.279304124851787 -57.43575044368069 -1.489367794078269 7.781413686384226 1
5 17 1094.6385106399082 139.19414871223745 -20.599771673058527 -160.44825576063852 5.197926321033828 -50.058713232377755 -1.2922800594812571 -9.738199916583799 28.42130834320716 -28.306924653122984 -46.87393776714051 -12.561363155296329 23.757174853404578 1
5 19 1196.2626820523262 52.260551955873744 -98.08806920072973 -111.19340921638091 -5.541491630070204 -79.8685629027034 15.783981517331659 0.9746089094167157 -18.411964605440453 -46.299466765417044 -15.837697597020462 3.0383826065075836 18.600532122560384 1
6 3 1256.7560953607144 112.33051971328936 -22.579700471633515 -40.76416501295249 -23.184600610703942 -33.35900818745001 -79.8575119405012 11.416470186677225 -20.65240080201166 -28.566169868619546 -42.31366039012877 0.5001151903148301 -19.425432753184833 1
6 5 1008.1231471638757 218.3213804817715 -6.146668197388957 -84.14745606014621 -85.71907830295962 -53.34873081593178 5.564916711374727 5.773382371100278 -25.772154878530678 -29.354303623879854 -8.30424224444241 -33.091108439429426 -21.58377350532186 1
6 9 1226.2702306272454 102.81322426744933 31.99499424644407 -61.74849436026574 -10.07095387240984 -51.21346998260744 -66.6019352952581 -26.19023650013384 -3.9894661005325895 -45.031763902460284 -15.893949466571613 -10.246194779424666 -0.002022387450215414 1
6 15 1184.9545927854263 131.53798778091752 29.273175141258925 -28.823217110992648 -58.1758646451614 -49.9919398081532 -24.35171024692434 -41.6225960939707 -39.073488629007144 -6.748564219209584 -47.53223366935074 15.755659566864255 -14.848777429355504 1
6 17 1240.3122175513029 59.14641627427347 63.14476534456029 -71.53314290310297 4.812686831859057 -29.248709707248235 -67.27555378398813 -29.743800902243223 -9.133386925856776 -35.075473175812434 -7.011133032606274 4.444324791833704 -8.062319027933386 1
6 19 1302.4784896209198 35.06102877407662 22.09291516055987 -4.892832233409986 -53.22931409167538 -75.61476312794207 -11.631918753135853 -21.23392031265722 -30.162879550888327 -9.159873264645153 15.397628656618522 3.3468433451184207 15.153413963108703 1
