1 1 1.2752e-005 0.0028799999999999997 0.308 0.03526 1.83 24.255 0.004136 558.807957167775 1289.9109780768094 1744.406521510161 3289.570184190609 18.793646598819812 119.36407683990787 32.72761148820972 29.213964515371053 14.987259742053945 19.4780883541747 24.005298927539055 17.821477189253084 85.56318432705915 0.5195795377485901 1
1 2 1.0104e-005 0.00251 0.196 0.02266 7.039 26.749 0.002576 587.18895050606 848.4547924190277 1742.1052803990951 3114.021796371343 33.741133012823624 50.379687035414214 80.46723210075814 80.67862551952395 14.26287056795284 29.612656118502393 24.037008825555564 18.826136691886227 84.98385238544796 0.3930227169912337 1
1 3 9.399e-006 0.0022500000000000003 0.365 0.04229 4.901 21.069 0.009896 937.8034276380485 1627.1835817468811 2175.4687008119013 3146.200012175201 14.744245748828249 30.58445586565827 79.26280411395526 60.737825142450056 8.930442940577935 15.440790014011066 19.248725566298397 18.633589655181584 83.49620820651518 0.6995830225632255 1
1 5 8.278e-006 0.0019500000000000001 0.178 0.02021 2.737 27.134 0.002114 654.1907963530506 927.9059872839381 1662.3403500911943 3163.3255987573257 20.089765069269404 61.58543166573732 22.58072890178929 45.01328452709937 12.802075551488223 27.07709654244507 25.19038895837593 18.532711277975977 83.16006527937311 1.0449561607260527 1
1 8 2.3526e-005 0.00528 0.61 0.06747 2.434 18.837 0.025282 615.0861502809555 793.3256050109451 1731.5569002324173 3151.572214176533 32.384733269572784 64.35321574090615 139.5804887098887 117.59093490472445 13.615978828615335 31.670476587798227 24.1834386120256 18.601826649026346 82.76185661256218 0.8893127734295064 1
1 15 1.6312e-005 0.00393 0.293 0.03243 4.694 19.323 0.019602 799.3512586656711 1516.7259344947086 1755.7594811641402 3202.8330151590576 41.53498195899384 134.33151759583038 86.07678816552946 56.540728596515756 10.477246278413437 16.565286732813927 23.85007767250396 18.30410755806718 83.72694752923678 0.5172448885777662 1
1 19 7.641e-006 0.00198 0.302 0.03489 1.651 22.054 0.006894 1021.8772287798731 1485.1788949739828 1878.656020222937 3225.2750003940287 15.915253550349192 56.50278452927777 32.8187299641222 67.63720679256007 8.195700779045438 16.917153943559196 22.28987081681444 18.17674461645529 86.04173976880736 0.23924406143061341 1
2 3 7.733e-006 0.00203 0.37 0.04197 1.018 23.973 0.004784 495.03078520995473 875.1387677475201 2818.4284139846036 3034.184006967333 25.61660966521778 105.3006612064088 25.34544891138639 37.24442546818134 16.91813974043646 28.70973258865916 14.857570904488034 19.321504518308924 84.38422290861 0.23521880961849415 1
2 5 1.9821e-005 0.0049 0.301 0.034460000000000005 1.905 25.233 0.004164 406.8681910937769 1862.3156870900114 3040.916609698198 3474.227860467984 119.17882996739682 1166.98317657284 147.98484617265817 260.45081497175863 20.584061824753686 13.491267981133443 13.770519016026542 16.874253029593493 86.85129453699938 0.4142480272254715 1
2 8 4.1839e-005 0.01012 0.347 0.040530000000000004 3.75 22.771 0.006126 305.53881266668327 521.6874069996711 2649.0391386347696 3052.1826255880824 37.45565684811359 244.05019715219012 65.14485643117934 104.09854400087667 27.41059287003386 48.161024519451054 15.80761846409753 19.207566253904734 85.28876928171871 0.6666918737110689 1
2 9 1.9418e-005 0.00512 0.357 0.04025 1.707 23.246 0.005356 468.1509768909187 2830.7594101466666 3332.8734624031003 3719.1925726869717 13.238179191977611 36.066596936064876 82.18753349539958 20.85703771113685 17.889527980097355 8.875710139809526 12.564233377707321 15.762829929950554 85.3102852966241 0.5455284207817539 1
2 15 1.5228e-005 0.0040100000000000005 0.286 0.03277 1.676 25.495 0.00341 308.01147379070034 1211.7770863885798 2965.0011339631333 3326.0131088739313 33.03528825341652 934.9875669003609 146.4932269154529 170.97947669076837 27.190545523933864 20.734011463180266 14.123097465405783 17.626208340426032 86.96252064162174 0.7772177226090072 1
2 17 0.000189797 0.04553 1.301 0.15035 1.003 14.036 0.041932 445.18583314893175 1967.969354441313 2951.8332844321485 3528.144155808995 7.807817706715174 292.1831578843142 97.56715929834765 56.517165719427666 18.812368625392086 12.766967099003804 14.186099269510608 16.616384538447928 83.69329195069368 0.5532375826403767 1
2 19 5.0126e-005 0.01406 0.581 0.06348 2.689 19.989 0.011596 387.1970909022664 1664.9504558031424 2896.994637221608 3209.411097903142 18.711500006375744 53.613069556128394 59.15714772996832 51.83265645983678 21.62981126868528 15.09053912831307 14.45463497307701 18.26659103855609 83.52496792488662 0.7356748363177681 1
3 3 7.281e-006 0.00188 0.202 0.02307 2.926 29.164 0.001414 445.8569224841325 779.7383846477067 1941.560544361534 3122.361731372146 13.275994664841328 8.49454216875959 103.26414639482111 89.91184192768593 18.784052860137113 32.22234597486401 21.56770239362803 18.775851436738172 84.56770240450015 0.38859165703019577 1
3 5 1.8444e-005 0.00488 0.463 0.04453000000000001 4.609 21.877 0.011452 494.0079981979231 701.298818580732 1946.9705983895956 3091.028078716254 25.233794562765123 47.339861494707705 346.6569837535878 97.51989332312604 16.953166812178974 35.82638289744625 21.507772143367863 18.966181641529364 86.59675126834716 1.9414989407599488 1
3 8 2.3453e-005 0.0057799999999999995 0.315 0.034140000000000004 2.648 24.973 0.005707 481.92428574438486 758.8541529086165 1856.1781900132955 3042.420219383836 6.559618441989133 22.047206491747573 226.85736911113267 130.5807359926964 17.378248508609385 33.10912894618583 22.559795296215636 19.269198786705733 85.39365802939483 2.0959862642255898 1
3 9 2.5797e-005 0.00697 0.249 0.02876 1.17 25.853 0.002962 402.8551931464893 617.2557755584445 2528.0769511825047 3364.845219057711 14.332209664740677 17.747867641338605 176.18718928180888 58.30842819088165 20.789107705394823 40.70435789323943 16.563973648196516 17.422792486252103 86.92153698581579 0.2909850817366481 1
3 15 1.2133e-005 0.00358 0.207 0.02367 1.93 30.842 0.000902 327.32701129682334 619.7558268995347 2296.3252931771094 3496.7374150993137 12.339956915718789 13.898196597602967 233.99824543984658 45.173684087713085 25.58603387731258 40.540159381305635 18.235656822846437 16.76562836741773 88.1511715133445 0.3897862722955812 1
3 17 1.297e-005 0.0034300000000000003 0.278 0.03184 1.72 26.535 0.002482 486.40954658354076 680.0997544761318 2851.6159119464246 3433.187673465331 12.931049156642318 59.161548503016206 111.9536218075779 19.50108505741487 17.218000877706036 36.94310994032533 14.684656452003532 17.075967169841935 87.35696842818321 0.3031827763834649 1
3 19 1.136e-005 0.00335 0.337 0.038310000000000004 1.558 23.989 0.004361 451.2411830233424 905.7462763136741 2242.0675701792297 3516.6153771201252 17.537211976407278 62.70992179358056 255.87298289970437 21.18491459745011 18.559919429088918 27.739556492859176 18.676957178704715 16.670859253311345 86.70307110669731 0.25311963140735294 1
4 1 1.2163e-005 0.00292 0.249 0.02867 1.904 27.352 0.002029 435.13236102315653 893.127799537689 2550.585033963027 3206.478858852461 95.09856407249968 758.3261313754568 293.5023651676687 189.78111202656953 19.2470171152228 28.13147235256308 16.417801971862044 18.283295346902985 87.66686915408556 0.9170237207621083 1
4 2 6.458e-006 0.00179 0.203 0.02339 1.609 30.486 0.000975 551.9144065457703 863.2540765325012 2461.678762481153 3064.4771037627497 3.418366347495577 92.71825024821821 22.666879366800885 90.74686799512666 15.174454409364039 29.104988534686697 17.010749183940526 19.130506776512277 88.8727932423683 0.19608910992794276 1
4 3 9.663e-006 0.0023799999999999997 0.226 0.025990000000000003 1.136 24.616 0.004216 527.6159365913366 1525.603693379389 2411.0863684728038 2976.0950423903814 6.495884664360149 64.94780716183645 16.142325771984755 50.25169764481934 15.873288540347547 16.46889038682465 17.367689746644732 19.69863165153246 85.6243557712878 0.5693628226362257 1
4 5 5.357e-006 0.00134 0.163 0.01891 0.617 32.901 0.000591 502.98974191371923 744.3178559660847 2461.453083427583 2999.6421900737505 1.348909824342337 31.083384567889844 25.5480081694813 25.05282947689187 16.65043896946235 33.75573996863087 17.012308819507908 19.543997678789356 88.57916847408472 0.8037704242060373 1
4 9 8.111e-006 0.0021 0.337 0.03879 1.155 24.288 0.004448 515.8595381533628 2321.565464826297 2504.0704743502647 3143.240849451469 2.7742453692065547 157.32507515025353 55.998530534828056 23.933386998051436 16.235039541926913 10.822438729669804 16.722772153952807 18.65113200289145 87.014118896021 0.26419269839618337 1
4 15 5.731e-006 0.00152 0.241 0.0276 1.978 24.302 0.004149 524.0204343741036 1693.057620086099 2626.762000846796 3187.099685878151 4.802338874304448 48.96272212069815 26.485949741697883 21.286484952282446 15.982201171225702 14.840014717704818 15.941680284129529 18.394467000754286 85.83332577305212 0.7883826577055572 1
4 17 9.164e-006 0.00243 0.413 0.04737 0.797 21.348 0.008225 527.8220622523413 2390.2801726600724 2673.276604772345 3245.509180326374 1.7255631252302617 94.42903066214367 150.5872020538327 28.202410255634035 15.867089685986027 10.511320090162958 15.664297486180281 18.06342140560655 85.54981996672981 0.40075156660731687 1
4 19 1.188e-005 0.00348 0.497 0.05437 0.836 18.115 0.016192 600.216376345876 1742.6292600304362 2619.9956688325947 3284.009368904729 4.195580654598179 34.58500554192517 30.221047754037777 17.251999625606015 13.953301392719561 14.417868778102106 15.982850849008642 17.85165430863323 86.78198287048286 0.2946591479575205 1
5 1 9.321e-006 0.0023 0.195 0.022180000000000002 1.53 29.362 0.001289 480.16839349681527 860.4019111709403 1793.2143531921015 3380.572986446212 5.863424781378053 67.67455942306926 340.7658058262641 71.26635839916968 17.441797738933325 29.201469306137202 23.35192104918093 17.341734739952724 87.49588985259037 0.7723315209062719 1
5 2 7.335e-006 0.00198 0.172 0.019950000000000002 4.246 31.19 0.00083 529.4181028786702 799.1180545158634 1326.9610039383936 3287.3228687590763 8.389088962860662 45.822510544227214 326.3106280624714 101.20424847932209 15.819255054675278 31.4409114623517 31.55706902894346 17.833660501418958 87.34857866463548 0.397109681013374 1
5 3 6.167e-006 0.00149 0.171 0.01962 2.242 29.394 0.001271 512.2574940668253 969.4838570127156 1834.3154363753254 3092.993599757851 19.614980929101144 7.85935189616287 121.59135508913599 50.01941302498823 16.349199566629395 25.91585184039889 22.828679936721535 18.954129101524725 85.74288163660091 0.44875107406828557 1
5 5 8.098e-006 0.0020599999999999998 0.245 0.026680000000000002 1.959 31.178 0.001017 507.8454704337742 816.9020598597073 1917.7084877923833 3155.049636555622 3.531791681055633 25.077457485497952 232.46696390973386 88.49002621237354 16.491236975780303 30.75644099161031 21.835956959342358 18.58132414804133 87.3688387529856 1.6908037311944342 1
5 8 1.1475e-005 0.0028100000000000004 0.29 0.0333 1.639 28.127 0.001834 482.928894997788 710.045976564578 2176.6216130844978 3141.996899038321 3.2034270728767247 18.35464310875025 185.60469950234943 68.0925066312421 17.34209753599101 35.38503256023296 19.238529907207344 18.658516186933063 87.59139139252912 0.8330706157803255 1
5 9 9.139e-006 0.00234 0.203 0.023330000000000004 1.536 29.821 0.001161 504.1288949794359 906.3570942297812 3023.739269742911 3336.4508525627302 2.5924484310881746 20.792057986753125 85.7363205443156 16.851129014247125 16.6128148642256 27.72086207517483 13.848746953489929 17.57106655863673 87.27845887693056 0.2792612390478288 1
5 15 8.594e-006 0.0022800000000000003 0.185 0.02125 2.948 28.232 0.001632 524.7865020403283 1052.1039983278704 2783.45890533852 3359.521658077921 7.508272260938148 20.42661975216234 212.62689659018207 49.22660157651022 15.958870831164035 23.880719054325102 15.044231448751075 17.45040096974432 86.39965838414628 0.49655775791031825 1
5 17 1.0289e-005 0.00271 0.256 0.02948 1.922 26.103 0.002689 524.2098284981828 1039.9347633899367 3111.908731278349 3484.0040105149697 3.6816772071468153 9.107990780129615 118.58681550551769 41.48343711665643 15.976426889960596 24.16016935341074 13.456371512154876 16.826903707075427 86.84183985946743 0.2564662286646128 1
5 19 7.739e-006 0.0022700000000000003 0.274 0.03169 1.185 22.878 0.005531 599.0957883832957 1265.2054302990114 2489.2358804209207 3427.806346604583 4.6408781151953695 15.204256781816358 93.82868421914773 24.448766939161686 13.979400560635815 19.85843515867783 16.822431465562474 17.102774798836304 85.65593245928129 0.44723108694980707 1
6 3 8.051e-006 0.00198 0.135 0.01555 1.244 29.925 0.001092 388.15258256702646 1111.4868848789529 2109.389762479667 2713.07194025114 4.162504505387208 29.389656290188743 48.695606359511814 11.460534031913104 21.57656647448378 22.60485511957818 19.85171291946272 21.608347029151496 85.97251580809889 0.22011570330685903 1
6 5 1.4679e-005 0.00364 0.292 0.03325 1.036 25.6 0.0033 466.2187405567117 573.3836729698649 2115.156265496186 3086.700027153279 46.28158725700219 246.94458499584067 237.69594239911532 178.07373700205693 17.96367085115329 43.818827051464524 19.797591640434526 18.992775288911744 87.09494946115618 0.728891175377555 1
6 9 1.167e-005 0.00303 0.204 0.02355 1.198 28.58 0.001514 303.26236358732245 1143.0405433724825 2573.66822602019 3411.179574273326 4.305370259708548 23.90704834017124 53.9210352682583 69.86530435272663 27.616351402565233 21.980847613567562 16.270550950055323 17.186137148024144 88.38058117943228 0.40494707331075747 1
6 15 1.5834e-005 0.00395 0.213 0.02466 1.524 29.473 0.001278 306.65770023745984 1581.8672434708492 2168.340345917128 2950.4236502680046 5.053180385350438 81.59510294302245 172.34410845701836 71.76482045060168 27.31058112519214 15.883128058756725 19.312005183525937 19.870027816064564 87.86833454312911 0.3042083687968345 1
6 17 5.43e-006 0.0014000000000000002 0.31 0.03546 1.017 22.734 0.005748 296.7667512654991 1278.5124181245483 2793.164312313354 3367.879918122178 28.11789316674033 58.90292982833316 41.77903126277989 38.9575546147144 28.220816396333422 19.651744984108873 14.991957263451607 17.407093312485863 85.76986694556526 0.37069934479337097 1
6 19 1.0241e-005 0.00295 0.375 0.04128999999999999 1.526 24.556 0.004165 333.2136125936033 1549.7530470071547 2311.2200633654325 3319.2570035497865 3.609961072881403 20.900605451568904 72.20196760121554 55.66071339657988 25.13402719298382 16.212260429828344 18.118136244899432 17.662085200785405 87.42754751793969 0.22002660661946136 1
