1 1 1150.0276490150618 180.8235310015729 -10.408614061049736 4.6926209563609715 -0.2964036186964722 -18.389756253410567 -14.110818135435087 -11.099288573159564 -28.148707059432056 -14.801859369239788 4.357028085279322 -10.508691955547212 -5.2359880531091765 1
1 3 1251.6696065051833 146.8393776037214 -42.16883246573176 4.107353818735393 -17.128011338805646 -19.768030657659523 -10.358926290718143 16.39204832998988 -38.32909272108002 -2.4672857100732744 8.509159896689434 -5.203680073351345 -3.9602077179419313 1
1 4 1137.8816520112005 201.55034106589378 -35.78259280201996 3.516756423876272 -6.6619645818755275 -2.6220400743141794 -1.9841228220682137 7.066261228163124 -41.646978581479125 -7.241865943264502 14.739951061223755 -6.5901582923423705 -8.844801050398198 1
1 5 1250.411687087645 59.99719081660322 -56.606282144046695 -3.7211072402399807 -13.452142407993493 0.4837792422691301 4.7233425127222946 21.89651958325681 -29.802507081007285 -23.12960876018265 0.6900519459884781 -0.024017598806223346 -0.8943943250486188 1
1 6 1331.9369517848543 55.96249901714029 -54.94806007769352 7.825892272976596 -53.482175083435536 -0.747661920195774 3.9591267595437896 9.369101434029624 -28.728252828173105 -15.92055114117349 3.019929478996736 4.421612708091086 -2.6328184615071355 1
1 9 1188.928091526443 194.22301631355901 -37.04969584766043 -16.316061354455538 9.705813858683309 2.927458167436927 17.26438195868487 1.5505944036489028 -27.702506579069464 -21.864387811184223 -1.654634190332146 -12.758418695779962 -10.373640574141696 1
1 10 1146.1409760121066 206.93140834564755 -31.781031221327353 -65.78298087164524 -4.363700305180444 12.575121717801977 10.510656930531598 7.496253655270548 -39.509713967910315 -1.9013262257351207 -14.483800767460817 -4.947953359649684 3.077819294024504 1
1 17 1359.705304074037 9.720374273501792 -0.14772824213911728 -8.556289200632651 18.157020001611745 -52.04665188871651 -1.4066653693794178 8.046444590919748 -31.598976226560016 -3.6991182686737547 14.701972361264888 5.672394502611799 0.8917693684085403 1
1 18 1150.2635455673337 128.56500897549185 -8.132194999884494 9.600870844909748 -4.462401536422631 1.2275395431434801 -20.827681127260153 18.311671716458438 -7.709852703958546 -8.208196922006918 -14.298143800961057 15.349972563353447 -18.987771450211138 1
1 20 1228.2426922792044 149.05804055791228 19.29303867453021 -57.859270131246355 17.7507935697663 -21.155311716454133 -3.2570047512452356 -8.134643890199635 4.008207069458753 -19.97913572172459 -7.535608347503282 3.853532897665336 -7.590441722221215 1
2 1 996.5799968431903 232.44507048457683 145.33547568321436 -70.6066258201018 -37.13022819079885 -29.517218126637417 8.793836112734953 17.163808912518668 -15.73927225524674 -8.756665150860723 6.2918942858271265 -7.977228833856415 -20.587702240389074 1
2 2 1201.0325042350005 86.28311537305245 120.46447681731433 -60.43140400329049 -75.49875907800646 -12.209952369217133 -38.98994768561727 11.422159025466293 -1.851911959166374 -1.9497324599897632 -9.087871552171661 -19.681429768879404 -13.50308221956468 1
2 3 1023.3075146936048 167.09659174102748 108.99304712895083 -66.6246848338798 -51.72878784418062 -53.304532211354754 -45.705957025888225 -3.5022959088431915 10.363111208064122 3.690923955349992 -6.441668474440927 1.4478759299258643 0.937610529583131 1
2 4 915.0529984623771 191.96761223922266 92.73257253586898 -23.589860781231067 -27.93276473239749 -36.633478727259394 -26.531600806008477 -2.2809619722444876 1.2813961038834158 3.613048914902236 2.2702498117710674 5.8318767400471305 1.992129817248168 1
2 5 1175.0305869531599 101.86321937022356 156.00256486727207 -72.04802241944796 -48.913465842469186 -11.717056269294517 -34.83076802280322 13.436105318035546 -9.856479101938941 -5.664680076452861 -10.817083125010623 -6.457844819023509 5.797970799089494 1
2 6 1123.05331641684 84.61980157703232 153.07184191645194 -57.614747632093966 -49.695630103987675 -33.21080011513847 -34.42233388214417 0.8056564144293767 -14.051400544502465 -5.0103466128488225 -0.5194270482981671 18.786020396039014 13.389769114526977 1
2 9 1041.1170918836253 204.32542950152236 120.37059268525616 -57.608384968226915 -98.634899572241 -3.967272487014981 -5.132018475936526 20.57493030669427 -21.020648970674703 -6.395918816820315 -4.68536910324627 -9.003147786482058 11.230744124898747 1
2 10 913.3625928954606 214.00833081448417 130.68891386398013 -24.569874108556917 -37.04982656993559 -40.4859794276869 -32.198970770590506 -0.6552238686964822 -1.1482179874428886 13.247910320207575 1.8029396576572518 -8.80519196139848 -21.33410168030504 1
2 17 1141.3026940672742 75.92427381059444 161.42142485816197 -27.628238303563407 -17.04249096445822 -18.57494104291669 -29.123305636685444 -12.040811056593018 -21.858246465217313 -18.881267465086854 -1.2923450689065625 -23.208381778695234 -7.470920603295317 1
2 18 1181.519847726285 92.26908235078587 144.08384865571432 -53.82841342775022 -62.9619881852605 -6.503781160471401 -23.499163715182405 6.189270294111003 -15.125265872304288 12.10139908816157 -13.595144148875475 -4.656284710848434 -5.76795759982152 1
2 20 1129.8833212763382 125.0736082619359 135.80122742481782 -64.6758341570937 -64.42448083698238 -16.675862003174814 -37.59623636023631 18.34821467936805 -8.826583078392416 -16.42444442623622 9.908476679263586 -12.67113916917477 -19.371833747075524 1
3 1 955.1664567627861 287.1597275693458 17.13981785649537 -117.92306728283292 -55.396649748247796 -19.755382068982165 -16.777432672353168 -14.060892042414087 -3.319930259746512 2.901729655248596 1.1099756011228912 -12.254789095877609 -25.738004453894973 1
3 2 1076.4529566213055 226.35661516724522 22.7912189677738 -79.8768479566062 -57.51370750777023 -12.439120166736226 -18.51856100125641 6.117656634711273 -21.346565043871678 1.7992982192652764 -2.832360984060687 -27.961948458461418 -2.2029642761117305 1
3 3 841.4640392937755 287.7121470212764 35.481180430137236 -89.80903915598282 -61.18841667252432 -22.38866297256161 -18.6999504950952 -14.246042109022971 -5.460590050163679 13.557975811572637 17.167956354807433 -10.927862508331035 -17.26133155824229 1
3 4 959.4954627261136 307.0931894650141 29.293251583913456 -104.6494990028025 -55.88622442741552 -2.4485470656684685 17.214111684597793 -22.715951216708536 -30.23569337728827 5.405092672962131 14.753688617883938 0.1701691200761851 -8.00802577733771 1
3 5 1036.9730707014153 275.0801181755697 -11.26426647005468 -70.69035710867968 -30.507801543484216 7.024211772509125 8.249978718341387 -29.648387724590076 -25.440727985197604 1.2764059522544722 16.382753608281085 4.600608355812369 -18.156814410032116 1
3 6 1034.4057823075618 233.93022003752822 -11.76470674151794 -75.56424468244836 -46.59119696072634 -10.110791921378564 -9.012571655150461 -7.621925307459942 -18.942376676772728 -17.095537629400116 15.608494615121964 12.323003668571722 -5.510328468354007 1
3 9 956.7909786262048 232.9613378903997 41.5800857006856 -59.504709365014676 -64.56347369732328 -22.711292462677054 -13.631525400900607 -3.457375166863829 -6.452546499570884 -8.595339392118332 -3.5332116244367584 -0.01902429525248092 -9.09842772768997 1
3 10 1005.188375889045 273.1664386874206 58.37136840028529 -104.00868628245237 -42.275113068394155 5.216770329060709 2.7468315566190054 -23.437708746292817 -29.105149884993395 5.4170080358506745 17.375521063089042 4.889929300613524 -17.153380386670932 1
3 17 1116.0634367795608 238.51533791866967 44.54195669300156 -41.946321064774914 -13.473735257353788 -14.55115481946549 -0.7404820523955998 -17.46065287735956 -22.135286066514862 -12.035546664969166 0.11538521382944794 4.426805584181976 -28.648404477679914 1
3 18 1102.895442095933 191.18102351812217 39.36036769684411 -51.82858121344292 -40.04707455317209 -30.78449954169294 2.3515223852643654 3.957912705547038 -24.465621798138194 4.85543017159075 11.767415264328978 -11.39785698726686 -8.904184046790617 1
3 20 1042.437864601531 240.2175068009434 51.02689920135574 -116.15282699172907 -42.69305043276204 -15.103298158028725 -17.945308528202485 -9.819219530086473 -9.722729859527806 -3.8686145157145906 20.154017356246744 -14.102488574333421 1.5123809626814628 1
4 1 1147.7231581122842 161.73052170184212 61.21020329008814 -75.33993435197746 -99.76872976999302 6.507794267796057 -34.69958221427889 22.54933340084636 -26.929171127227857 -9.300188222156745 0.04070882783358032 -10.026153982843633 -13.090250598986863 1
4 2 1289.9150075347115 67.1773751620781 69.75870354238106 -17.24580838089616 -121.46072014136399 12.269266873072041 -23.596640343571003 15.69244169843886 -5.169984086098101 -19.458980787368972 -13.483366036586137 10.480810855658898 -9.989768269013583 1
4 3 1193.9855978384453 164.50245819150695 74.65731667968517 -61.912496533632456 -88.70038681861065 19.617667921399327 -31.129148533646088 23.943857516140714 -26.365974548525134 -18.357867648593498 3.8543922986046084 -2.661973484548842 -10.9154168856395 1
4 4 1090.4962989797773 210.37281291528555 86.66346233424144 -87.42533146590301 -72.14774128400025 0.2485319177063976 -7.182367044738137 31.56381841601017 -13.752429434259744 -10.842921209279915 -14.755974850605794 -14.892358865548076 1.3524081624186026 1
4 5 1280.7209725709677 49.235068261134245 74.26251338683541 -54.985147472321756 -94.63677598698058 28.780685109305217 -33.000989522410265 14.449618343477944 -3.7020005300817385 -13.972427690336504 -14.763991510088477 1.6228969053709148 -3.9614804125039833 1
4 6 1251.6828026478606 38.556299856829625 108.05549956862524 -26.40605470296064 -97.23187340629079 6.001329476279791 -16.810211008819163 35.62174904924918 -22.99326653631048 7.714208237804774 -22.21577908627359 9.365363862776311 -10.53043952796534 1
4 9 1104.7121347924844 171.36889897830397 134.0651690374532 -87.32242832375512 -81.00212579932922 28.45041446609689 -8.809450033293205 26.890277305013864 0.7151687367017343 -40.227639383948336 -14.696736116939446 -9.095248939612565 -4.4391713103432 1
4 10 1022.7230907458339 169.5216170701566 69.99879373361226 -77.2395566630178 -68.84628164680629 40.938456649404614 -19.605434296266846 21.497969581435864 -0.2534301388780172 -22.784035258579806 -28.755744530134855 -12.5827150149473 -5.794413961737101 1
4 17 1241.2622552098692 2.355810935339628 115.78585984568251 -11.551223578929356 -39.56327690624152 10.98490754512485 -22.713612193343064 17.76514861800787 -41.12938796088151 -40.16262685570621 -15.382551539987515 -3.4929493065853148 2.0193232237803036 1
4 18 1212.3904214157178 88.94027161813631 103.2499768324981 -34.883057619053865 -81.57634013529288 -14.184649333054864 -31.814500869163012 28.46325075077459 -17.93355322507147 7.680051297411543 -8.029966951750925 0.7029870806535359 -6.70227262965982 1
4 20 1178.9704966832296 105.64570497010277 128.8425596772324 -76.47325181237991 -100.40541540718384 8.689816963282842 -20.392146725011322 0.8758738217826246 0.09982178747514095 -22.318804194265798 9.760117818270127 -4.35932326039817 -7.501196333522426 1
5 1 1016.8604024947676 266.9673363208149 -32.97341358646783 -92.70299298328725 -40.13767633736806 -3.1675890606463186 -11.260267459064169 -11.744509432464644 16.450749982878655 -26.66058493950999 -12.592894738755513 -15.736024547046885 0.8503742983024207 1
5 2 1169.9228062091922 181.21008150386737 -6.458127893712161 -110.43905824823943 -36.10447880850933 9.548864791237065 -28.15231795850615 8.514655963072821 -19.552899319181034 -6.476982377305565 6.6787415543131425 -11.674693305069944 3.6220677907345222 1
5 3 939.515069772336 224.8023264445362 24.29620172138955 -120.36424695874493 -28.146898668950083 -27.343130443176413 -2.542444625814238 -14.117011647334593 -6.573909481073169 -8.228919868001082 -1.9176348024853445 -2.0452060543624366 2.9162844985786447 1
5 4 1004.5383826822479 281.97957736288146 28.981169377173487 -91.25920260719937 -36.33474947663424 -4.219291952975149 24.131387400305893 -5.0199887044937 5.739229625816109 -7.081361099007369 -30.677568767617192 -20.555715198027364 -11.171409463968 1
5 5 1172.78194774608 187.3463312878886 23.344712217340312 -121.74954375236439 -16.11060262416048 1.2916893109735714 -13.25473151728603 -20.181507197161594 -6.893064086086857 -4.019435280103913 7.879255434282191 -18.977161097840842 6.682843573756507 1
5 6 1129.40987296965 214.66618508417494 -6.40257110599129 -105.0636533811515 -27.530311147741326 -11.509643401019416 17.674756796084765 9.049359778941026 -26.864951180036975 1.7945891959196631 -14.23962900370517 -5.551746322779042 -12.679808525662757 1
5 9 941.4213794340037 314.4966486049209 40.209063591357626 -102.24809668299046 -48.83343191205738 18.52920067706006 8.863476032761652 -8.398743629255318 1.365533744971841 -13.532733779025024 -19.19611144169493 -1.7272547720351965 -4.059269900776297 1
5 10 1066.785066387394 203.96218131265638 -11.704645847554564 -97.77633897033705 -44.100663909494585 -31.899670029405673 40.985380300615816 -14.802790372809234 -17.08649613071531 -8.477192515198258 2.4647780367531347 7.019496560009953 3.6932726251005557 1
5 17 1110.0938490518904 225.8661915764586 17.924806243153824 -107.0585963453843 -3.779801303199675 12.308843079259814 1.546891416189335 -27.658826650892475 -7.1144262867847905 -11.952053937570176 -4.811565148097461 -9.495258738917752 -9.824903113225162 1
5 18 1145.9765735984975 185.64375077956362 10.690858744133083 -114.91837206879444 13.515570710385346 -23.011169622073552 23.635238798575532 -0.7102511125277251 7.082097706106304 -26.60239892094127 -8.73833911265521 -25.875220326248108 -2.8089744686168157 1
5 20 1145.1866804788758 204.5410370748899 39.599389950421205 -136.9646530610224 -13.04060445440864 -9.598863522295202 -8.461074640774363 -30.046225365676108 2.2794366867275238 5.282217187043943 -26.63402851769391 -14.291319678478429 11.018398263859234 1
6 2 1325.114052321086 77.86536737375485 24.955694883103618 40.251095094664585 -57.12250275346812 -8.252545034299724 -34.3559507983097 16.592311470868037 -10.154228751385045 -28.318603081564554 -12.371507433040062 -5.812115638662081 -12.670837813573778 1
6 3 1116.0861006634773 209.52181678151803 25.535210318987115 -8.409158231452642 -37.724583478188485 -28.00358117052739 -35.24628273092369 -6.615909595282399 21.827274880812247 -17.040143100105663 5.035219776638904 -0.794083477875928 -3.0792603844638338 1
6 4 1140.6772487555568 208.3973461037064 52.4819977690993 -15.711463889131142 -25.755159057643862 -11.221835966723537 -30.402346928364157 -2.8295402438539337 -6.918090983467234 6.132355873808409 -2.5417999949290935 -11.203825586279216 -8.53465022802939 1
6 5 1286.8181645992581 121.3779780037409 8.259446809103231 53.44227188715731 -52.62906162234581 -9.821791416576188 -21.32483487853493 19.891400271861396 -16.344617773086856 -9.105986453902364 -15.606615749296324 -11.108172353331144 -11.42348834675509 1
6 6 1303.1321507739626 85.9508383636196 -3.489900227571398 68.97289358415242 -13.704657026725737 -17.7650608896726 -29.947584395199605 5.466233907216733 -13.820259006753028 -2.8151793770133806 -6.832245076929353 -4.1456471324042425 -9.885606734696971 1
6 9 1058.9666493238478 229.19289343806594 104.79822593923461 0.9148573454181448 -43.18128399280706 -20.698447401020257 -1.120594783139178 10.605218370611452 -17.000651152917627 -10.564921509099563 -21.85979585127143 -5.67717386370512 -2.1777476123322037 1
6 10 1065.0444850425408 220.46828500118568 28.395214190728566 -29.565142248984728 -33.3405233214212 1.6495454169112422 -23.533400193928596 1.2564778681030377 -25.341326410427488 -3.852214826703184 10.397864689025896 -17.26693845590894 -10.645851109410906 1
6 17 1230.2332719344977 116.12921069859232 46.42242506687587 52.25264442156274 -21.68116074852893 2.0033898966694514 -24.584709310532375 -20.521598925672638 -18.507272791582075 -6.222104095399803 -3.7915692156970637 -0.7084815273115106 -19.717238825765055 1
6 18 1216.9853874993537 83.99978430990325 73.5764393777392 39.53604831373287 1.5992787696817519 -53.90678037507571 16.102001334760484 -40.82043532254487 1.4933067213325044 4.867899084050321 -11.14632637584208 -3.200673494482434 -4.911979237405525 1
6 20 1163.7670609354145 158.73008701177616 69.54848830042022 -7.566349694237636 -34.42881281595188 -30.6649202364515 -30.58025126339392 -0.7118866418483996 3.8700504309664274 0.5991281365442105 -24.7926272124952 -10.104615508625024 -5.670556296514681 1
