1 1 3.3548e-005 0.00579 0.297 0.03314 3.148 21.524 0.055614 579.9487568228149 1060.6615508296088 1541.910715366176 2757.787626081717 39.36930771672993 67.55831591652515 118.26069060768013 165.22760942095994 14.44093103308215 23.6880463710108 27.157863021955485 21.257982103319097 83.09268768637496 0.6629624829322016 1
1 3 2.2678e-005 0.0037 0.31 0.03626 1.578 21.443 0.008962 511.91948091145827 1289.9288623639368 1674.8596325507963 2909.513471238003 24.420561332377453 69.56069905288007 266.62958588057853 172.92899513789098 16.35999471066924 19.47781829918564 25.00209521213712 20.149416931572052 82.76789762517515 0.6924771134047939 1
1 4 3.6256e-005 0.00553 0.449 0.05475 1.735 18.872 0.030081 530.6782188633003 978.0064497161325 1506.4766483844467 2737.817089237356 72.88440411510987 244.26150262194224 228.9417725242218 260.32017691865923 15.781691620845196 25.690014628525773 27.796647259621956 21.41304480509709 80.52540686836665 2.2702692642430007 1
1 5 3.1896e-005 0.00254 0.427 0.049429999999999995 0.931 14.771 0.040826 670.0624547982293 1381.7245452597692 1988.7234208389705 2731.561033442736 16.480771416548603 13.647966837925724 168.844095384941 138.63094635542868 12.49883490714593 18.1837979836107 21.056221071874567 21.46208680027614 81.33626456372979 0.6772316386357421 1
1 6 2.081e-005 0.00321 0.497 0.057999999999999996 0.987 13.458 0.067127 606.6825882429068 1460.2002049171683 2131.3357742232747 2759.6601615217337 11.943774708331647 21.460982307422285 35.44820317612939 69.53425877764636 13.804582762554531 17.206544633669086 19.647303116873058 21.24355774577438 82.07361389291899 0.6945709002060192 1
1 9 7.6361e-005 0.01244 0.576 0.06651 0.917 17.331 0.025237 592.3384897317609 848.3595670415946 1648.7049297845501 2955.737809309937 95.14489217372264 193.68885725704232 270.3912406154519 219.428313603893 14.138875229588068 29.615980034993978 25.398723108975087 19.834303237365603 82.33631013024481 0.6453336271707649 1
1 10 7.621e-005 0.012240000000000001 0.76 0.07057000000000001 1.946 16.382 0.067278 611.8894687391586 868.6608780602694 1720.0461203272775 3018.9706561422745 39.448801951113786 117.62421371937792 194.8122499776454 139.03262967492833 13.687112506213383 28.92383050115534 24.34527743478898 19.4188704288079 80.5421474468929 2.506186428008546 1
1 17 2.7915e-005 0.00443 0.381 0.04366 0.712 15.659 0.033886 623.7687848363368 1412.6750501878728 2574.4622591484676 3117.961613438312 21.605497765770057 22.904155561550525 51.237739399459734 70.29338659737668 13.426449356867732 17.785406485843016 16.265532676268723 18.802348222418193 84.03836674331173 0.4181257295555877 1
1 18 5.9195e-005 0.00867 0.618 0.06857 2.098 15.837 0.055937 503.2441665538664 1168.1715673781246 1960.1647908300774 2983.013351005684 38.872695488069795 60.90916759386797 120.99536648020548 60.35421551165952 16.64202102401033 21.507970833763075 21.36299978241475 19.652945897890582 78.33074838359471 0.6958952284383397 1
1 20 3.2955e-005 0.00532 0.279 0.032170000000000004 1.392 22.105 0.00671 481.05909166631744 1079.7520732124156 2538.4105396072755 3303.506907644791 14.270549006162716 25.03291864256093 91.59658524658401 68.43267235912894 17.40950362457602 23.269230616292834 16.496543544323053 17.746292542731876 83.37130839545512 0.487390335737916 1
2 1 4.2475e-005 0.00889 0.499 0.057190000000000005 6.163 20.963 0.01866 325.0879039045924 1298.2419944394962 2840.469060140137 3390.157688774704 99.1971136164563 1089.3422275735454 281.6063120069757 251.17509228459176 25.76226275849967 19.35309449826223 14.742283444528722 17.29270593934782 85.32602031334636 0.8703145268149739 1
2 2 1.538e-005 0.00301 0.4 0.04626 0.582 22.272 0.009305 390.74682526195124 1724.572480495189 2486.583559894049 3088.6104910582244 6.983084125597627 172.52305736096844 17.727913105048298 22.905767027086874 21.4333155346445 14.568828091693588 16.840375153845326 18.981027283862463 86.11557986677936 0.21906302766446945 1
2 3 0.000115524 0.01883 1.488 0.16434 1.869 12.1 0.080099 341.45013420207835 812.4790687526482 2657.172823689167 3303.2296479080524 34.29548869922291 363.29615788004327 139.95927732778173 119.06044581152241 24.52773966415686 30.92387356953447 15.759230873760616 17.747782094753063 83.5849517633533 2.0374140692705995 1
2 4 9.422e-005 0.01468 1.551 0.17 1.822 12.128 0.099474 342.1904858396602 642.7144522948223 2525.618709347038 3183.6523730350377 26.962519583803076 210.4499180470408 118.34111326799133 104.12479326299112 24.47467228508587 39.09201031700903 16.5800957385314 18.41438484193287 81.31745356480325 2.3091756773812606 1
2 5 4.1099e-005 0.00749 0.428 0.04928 1.471 16.866 0.024325 364.4694647633522 1895.9713590756955 2542.4484935842956 2985.592882091559 4.6289126794043165 112.66741135054585 19.595404400618214 131.18931957509926 22.978605369417807 13.25178245954553 16.47034349197982 19.635965891950484 85.0379804766801 0.36877504155657603 1
2 6 4.5866e-005 0.00718 0.748 0.08817 1.477 16.109 0.027348 318.04031152704556 1806.8609056145247 2629.9520952538714 3123.086402701802 3.8443709560147483 118.59972921128478 40.11839101877121 74.17055547996225 26.33313984566326 13.905331573630363 15.922343253160195 18.77149474612138 83.33877765744913 1.8313429130942267 1
2 9 4.4085e-005 0.00731 0.644 0.06931 0.916 17.954 0.056492 399.0405269456624 1881.1027811261924 2825.5208100128857 3557.516521802535 83.26828090695346 906.6935433684029 224.199608758927 345.18897461209474 20.98784317498766 13.356526954342165 14.820276620015065 16.479192616734686 81.70357167544418 2.5338291523723973 1
2 10 8.9195e-005 0.015600000000000001 0.895 0.1002 3.759 15.639 0.034952 346.97730619639657 829.1225676842072 2394.768246438117 3139.841126270757 31.409285453355025 397.60405729300356 274.7747923063408 193.34740455877213 24.137025247580805 30.30311920006682 17.48603442620521 18.671326873672083 84.38380961536427 1.9240009298310925 1
2 17 2.404e-005 0.00461 0.652 0.07461000000000001 3.322 15.373 0.03224 278.5192375718047 2216.6849831717864 2613.796789864964 3084.2253593517044 38.84723589625941 134.79880748300826 37.40593506693599 51.143757709237306 30.069736198530457 11.33449280828772 16.02075576891476 19.008014385927627 84.69706436131094 1.1050550838307946 1
2 18 1.488e-005 0.00246 0.448 0.05037 3.195 20.073 0.013527 346.8150079847444 1870.1336700294648 2550.86733123734 3055.6507133788164 16.583046628500117 206.9436927833496 41.75998013843125 52.30386333168631 24.148320595077585 13.434868535148155 16.415985060143385 19.185766142483878 84.78940230285332 1.0002440448997456 1
2 20 3.5941e-005 0.00668 0.431 0.04961 1.457 22.193 0.006795 376.50187899785266 1477.7913426383363 2592.121786662566 3210.188996103004 6.893041887275746 548.0486190104949 208.01621911448078 234.0060445664548 22.244244895382757 17.001723636534326 16.154719355958697 18.262164648613396 86.97963258522569 0.356400549098338 1
3 1 3.4799e-005 0.0074600000000000005 0.452 0.049640000000000004 7.719 22.244 0.007549 410.5882712685058 623.9489674915652 2219.3439360626467 3139.731142167612 11.505569700827863 28.76717010548485 134.88254477627848 92.9810993709973 20.397562682746813 40.26771628617151 18.868188620773545 18.671980926215994 82.41390601346009 2.640874862244134 1
3 2 1.8285e-005 0.00377 0.433 0.04823 0.696 22.753 0.006877 418.5850532205867 742.7221240653379 2383.165582336334 2822.4117231737014 9.031600668582167 63.10628708093977 124.61067477376895 151.20363308645256 20.00788115954663 33.82826387677356 17.571166817098746 20.77124308925357 85.87902901588025 0.8740335105412903 1
3 3 2.9487e-005 0.0054800000000000005 0.651 0.07431 1.462 22.164 0.023489 368.9314106882271 712.1438900068538 2310.7241851096483 3210.357573059531 5.329375083133208 49.29624665860155 67.66155784426849 89.97350530299563 22.700696545129528 35.2807913577103 18.12202437220475 18.26120569620202 85.92143902557845 1.4770550434845766 1
3 4 3.0693e-005 0.00519 0.816 0.08596999999999999 3.272 17.709 0.023265 362.2701307635127 654.8526590718556 2343.8589982948865 3251.6300664067576 13.562698665697216 17.375625196170017 120.6870938687086 70.73262669536848 23.118107977461545 38.36740929724634 17.865835799194098 18.02941872314032 82.59191085642867 2.034165782434392 1
3 5 1.3074e-005 0.00235 0.293 0.033490000000000006 1.1 23.511 0.006045 396.0018337940075 728.8575504961735 1940.2787827177563 3086.7492377386534 16.123401056298302 3.7231325261316357 77.29099949057816 59.959266730150254 21.148891962850136 34.47175649466213 21.581950167668957 18.992472496064682 82.20381224758418 1.8790864575009552 1
3 6 2.6045e-005 0.00426 0.428 0.04861 0.955 21.198 0.016547 375.608912000168 716.6936509533396 2094.155250400447 2958.683654920208 33.73105351021424 111.48020401657206 164.29143656062755 91.43471213168868 22.297128029795665 35.056819558229584 19.996129700504586 19.814554997290188 85.34788727126781 1.1938706025028352 1
3 9 2.9397e-005 0.00521 0.479 0.05183 4.108 20.13 0.019624 364.8402054005228 659.4264550090422 2298.9266557179794 3237.107393850583 10.832575188852383 41.552246845450675 99.28648623505517 80.65851101705094 22.955255139180444 38.10129212916622 18.21502216951849 18.110304314082324 82.21456724796056 1.8403242032154963 1
3 10 4.6802e-005 0.00828 1.255 0.13097 1.775 14.432 0.055647 355.86955988721417 709.932026695736 2414.6782947968113 3273.4182742463827 11.455965351194045 13.983031879678801 89.3241175956045 91.95786805118561 23.53390383446758 35.39071214597862 17.34185464383928 17.90941306255671 84.01297257464765 4.157889566660323 1
3 17 6.1035e-005 0.01142 0.595 0.06587 1.139 19.878 0.012624 324.7713171257417 722.0307638327419 2184.063960514684 3148.231989137018 19.71070026043327 40.57502438204674 138.7227531327977 60.45797175956187 25.787375788353415 34.79768627396076 19.172973299798407 18.62156289698018 84.76351190137342 1.4999578382917809 1
3 18 5.5978e-005 0.009260000000000001 0.689 0.07987 1.095 17.08 0.056808 395.8024945240903 762.0063466160866 2277.4352799885837 3112.8374232189476 34.3020636462644 86.78686394686872 127.4452251556159 57.743165615319 21.15954324661352 32.97216632325302 18.38691108719889 18.833299665029276 84.87074270702273 0.6786260449141545 1
3 20 1.7044e-005 0.0031 0.496 0.05711 0.651 25.274 0.003344 375.12633361334747 677.9056172403011 2660.5596275583 3403.8225467493485 3.0297138768728664 11.93288278776542 47.26219502896167 108.77018103788173 22.32581199866478 37.062681531216455 15.739169897285983 17.223283292481533 87.19672354383377 0.24522096098686708 1
4 1 1.8868e-005 0.00369 0.526 0.057089999999999995 2.713 23.249 0.006259 425.8382732528097 593.0581953505355 2448.738645677088 2994.343328179305 40.720647544438684 78.4223027903348 46.01863589473371 176.82506049672475 19.667090832457816 42.36515100368778 17.100640802939328 19.57858320663804 84.70475874449073 2.154076629620427 1
4 2 3.1862e-005 0.00293 0.748 0.08699 0.744 15.993 0.029015 451.222347465788 1725.7649026892532 2229.615385363683 2702.772518372154 16.636461518419363 104.47243429616061 55.795643673019775 28.609138307691403 18.56069418333718 14.558761718266378 18.78126616585469 21.690689690492007 84.98231089344225 0.855385372450613 1
4 3 3.7804e-005 0.00696 0.337 0.03919 1.67 22.945 0.005902 412.04679640481595 1792.059145476236 2783.1612102674826 3467.8918319790882 125.56313490918073 901.5177033197631 254.99762292369942 368.0481957829486 20.325361277101084 14.020184581197562 15.045840623790347 16.905083214935036 86.92524016072747 1.3862310526781558 1
4 4 2.1667e-005 0.00357 0.414 0.04605000000000001 3.456 22.619 0.007104 414.06202286253034 1817.9512012888883 2745.936878192853 3479.53012554962 110.0476568362444 929.2872099690445 175.1164665150589 366.10055097601895 20.226438401911885 13.820502982801141 15.249804295413607 16.8485392810731 85.46701042432802 1.2914281959524192 1
4 5 1.9887e-005 0.00357 0.398 0.04607 1.234 16.372 0.027931 481.42064340600587 1904.4159360584308 2387.8572033281816 2797.5941012742837 6.981827374619295 75.10787796309113 19.248543488881428 42.11768995807272 17.39642891245307 13.193021295548075 17.536643289068905 20.955506009001354 84.53957987488789 0.2323407071207779 1
4 6 3.5009e-005 0.0028699999999999997 0.602 0.06786 0.7 12.023 0.077209 420.562680412 1942.5386171312011 2436.6764268469683 2791.620869690575 17.200925887027164 63.528881217427816 41.935366839797155 46.335750048799625 19.913797372119454 12.934105802800126 17.185293680616336 21.000344508277742 83.4070305867759 0.870919942809181 1
4 9 1.4542e-005 0.00246 0.272 0.03139 1.475 24.849 0.003775 477.79744711834934 2274.4319939362513 2998.1076301844796 3615.6756577218953 67.19968401096234 544.4175959740284 193.61149026091786 175.81331486101803 17.528348153617344 11.046714110153436 13.967143667028173 16.21412027785077 85.72489293231786 0.6826087357337077 1
4 10 2.4812e-005 0.00427 0.573 0.06747 2.07 19.521 0.015187 419.2632904463009 1360.0125689955903 2635.954558902286 3292.249415723325 126.20857352341922 945.1438062359966 255.34585631185723 384.21788424727566 19.975514648766197 18.47409396999585 15.88608569088474 17.8069740767559 85.00368882690529 1.796372222026945 1
4 17 1.3247e-005 0.0025 0.495 0.05588 1.132 13.577 0.054603 395.4560445238497 2173.022346271437 2549.938833630413 2938.579262221747 22.681814662778145 56.376844561052096 48.43582576993523 52.67375723259564 21.178080638731796 11.5622372881303 16.421962537972526 19.950116967638262 79.16299854748779 0.8084304634557064 1
4 18 1.9331e-005 0.00308 0.543 0.0621 0.817 19.527 0.012011 407.1516149166129 1708.7825562014796 2501.5810645155484 2898.1319222892844 18.31928253155808 100.32551588667467 67.39752317318899 41.19498825434039 20.569732977026874 14.703450657789578 16.739413562881854 20.228547758340518 83.86201673281134 0.6327145973386114 1
4 20 2.247e-005 0.00416 0.455 0.05262 0.81 21.891 0.007443 406.3220191871435 1948.4716439036913 2402.636962123737 3160.4615590145577 4.911598316919327 127.54943694892691 41.449042507077706 91.7013684877442 20.611730609023798 12.894721911201636 17.428767083890147 18.54950579379281 86.9742110214137 0.1961914173420268 1
5 1 2.8911e-005 0.0054800000000000005 0.959 0.11327999999999999 1.214 15.845 0.035028 415.2529382099285 714.2471604644235 2163.734624225743 3137.407015796812 19.341757292774233 17.958751941499404 157.25072875189238 109.29432810107146 20.168430441703634 35.17689868541167 19.35311268357795 18.685812744353452 85.24924724796594 1.1831230453387314 1
5 2 2.0476e-005 0.00376 0.21 0.02408 0.714 25.141 0.003832 454.75430842199944 746.0036266099171 2473.8073351205335 2818.4891770747454 9.50350338177989 10.412172128534529 40.20463971830251 99.76557833974087 18.416537996223294 33.679460935298884 16.927348951352222 20.80015083146274 86.11891388072978 0.5328169079831162 1
5 3 6.5683e-005 0.01095 1.359 0.15632 1.402 11.287 0.104973 435.63378361876 658.1518168167581 2566.280893722688 3370.101227953663 38.43453386171972 39.46119299611637 110.36011724677836 75.78354816175263 19.224863440180954 38.17508264509627 16.317387587005513 17.395619904152642 81.5000215716521 2.4164509592199916 1
5 4 2.5914e-005 0.00435 0.533 0.05926 3.575 21.411 0.013106 468.22935016116196 643.2747720606561 2197.4255425473925 3239.1076490870923 29.479250196369115 58.722426250130354 108.61506334123008 76.86851028359095 17.886533591107373 39.05795950852382 19.05639084883663 18.09912060703596 84.91939491442069 1.4616847908677144 1
5 5 2.607e-005 0.0047799999999999995 0.278 0.03131 1.397 23.141 0.005582 421.8834785484392 739.5396364747495 2447.27895007399 3234.3545399823533 8.594855217888878 5.576207054178547 68.39035388757888 64.99462082363802 19.85145289124758 33.97383826479712 17.11084059246044 18.125718524450896 85.6794984260401 0.8875637492939379 1
5 6 2.252e-005 0.0038 0.422 0.04747 3.935 20.956 0.008935 483.1515426368253 708.3163477250272 2241.2335174785926 2955.3826931610233 28.510049964633108 28.29269774386946 227.42932125375754 82.3553048096362 17.334105887964242 35.47143882912848 18.683907622044554 19.836686509555136 84.69696449399507 1.160445525741446 1
5 9 3.0454e-005 0.0051400000000000005 0.639 0.07137 1.716 17.972 0.02579 432.20268234267036 617.4190179891158 2310.585572415095 3218.234727453229 24.247626747991106 33.059307308353375 115.29968298298303 82.69318246889756 19.377482700026167 40.69359586918801 18.123111517670804 18.21650841683424 82.39031732402985 1.617658071607921 1
5 10 4.8588e-005 0.00792 1.036 0.11372 1.52 12.599 0.061318 490.7783458407729 648.2739091842865 2182.05672129351 3290.731428631422 49.526192077885376 70.74025025392982 148.5101069745914 58.198545295438606 17.064730078203507 38.75676568815552 19.190610212541475 17.815188286083096 83.68154883569949 1.742602699289096 1
5 17 1.8459e-005 0.0034200000000000003 0.438 0.05038 0.754 20.85 0.009261 429.90139966386226 740.7441304064076 2212.7368313060047 3201.155306949549 14.50418903600853 10.633796601752412 100.07370191890311 65.82845081346812 19.481211288328836 33.918594786860105 18.924527945460408 18.313700641992607 85.39507343445106 0.49988027107079497 1
5 18 1.9844e-005 0.00335 0.613 0.06332 2.051 19.491 0.012981 491.7529723402808 750.1471869756917 2627.732295138424 3468.041907227298 25.195340258225265 47.65466283128652 180.3822960205724 78.05554643326616 17.03090875108063 33.49342693837785 15.935793793558451 16.904351668250378 84.32642284291214 2.1349739263017247 1
5 20 3.4226e-005 0.0068200000000000005 0.35 0.04016 0.521 21.825 0.008647 437.4233943866944 752.722128425751 2766.4314063771308 3340.4251709147466 6.0078942118374 18.697942476232082 61.746965482094666 166.89119703458945 19.14620961629745 33.37885130671876 15.136829311390285 17.550161132316592 87.32479421854522 0.31235626479002027 1
6 2 1.6228e-005 0.0031 0.205 0.023410000000000004 1.184 24.627 0.004243 366.58662817679397 1381.6189852094135 2206.79141785421 2585.0860959550732 7.945962486887375 22.990809931565817 33.42022752649065 111.00239005402182 22.84589604823497 18.185187283158083 18.97551334539694 22.678161509487634 85.52213766315538 0.2609753026070034 1
6 3 5.27e-005 0.00869 0.931 0.10358 1.921 17.709 0.02206 342.71534779313146 955.4359198502427 2311.7768459134136 3219.6171659160154 13.10904268412179 67.01145702819254 109.32575264561494 77.80291568931735 24.437189795933172 26.296897026791868 18.113772561578983 18.208686616727167 84.4749575042284 1.436673516063438 1
6 4 4.8113e-005 0.00803 0.549 0.061470000000000004 1.639 19.56 0.012087 303.18166387720214 912.8475921752748 2376.0576432514003 3113.0303118281067 23.03807272940291 63.70612629117709 67.26956895084581 89.27118239549554 27.623702215026206 27.5237621431725 17.623730686389493 18.832132722014148 83.91858758936836 1.2460822657197146 1
6 5 1.1529e-005 0.00198 0.263 0.029980000000000003 1.144 25.378 0.003163 368.2265553610924 1413.1196354615831 2024.2186644037715 2692.431602258544 9.138808604581643 18.02420934692651 43.247613017076276 33.69370924374668 22.74414997524353 17.779810972475193 20.68699431359812 21.773997880140193 85.30061175101595 0.6980758105927387 1
6 6 2.6309e-005 0.00433 0.75 0.08616 1.503 15.045 0.034519 347.82824186169955 1376.751148069871 2066.595213416506 2813.9626602889207 42.44240416097239 58.72602706723888 62.25760193474106 82.41665699219419 24.077975828454996 18.24948541733476 20.262797343255254 20.833609780017742 83.21371359226683 1.1653144242070224 1
6 9 0.000112688 0.01862 1.115 0.11948 2.811 17.201 0.028017 263.4188369677773 835.493189254081 2313.6683156280205 3191.787569502099 40.42192982889266 477.40071132756333 348.1689150276696 256.48385692479036 31.793474211658115 30.072058423876943 18.098964193419175 18.36745044067741 84.54312337349566 1.3694470889136174 1
6 10 6.4971e-005 0.011080000000000001 0.819 0.08537000000000002 3.576 16.529 0.03648 310.9911185334596 627.3599292638186 2462.497893995846 3127.8302238675633 46.92670411129371 141.0901367914954 95.90653426571802 107.3490918950581 26.93002951175576 40.04878033807988 17.005090685397615 18.74302497387795 80.80935289448698 4.185539867925623 1
6 17 6.329e-005 0.01157 0.724 0.08320999999999999 0.896 19.719 0.012928 232.0692651837892 1466.1620607441935 2213.8825834314425 2901.6472680424795 10.891309551862653 86.90574818631365 61.02076270347936 91.14267475006047 36.08836350374681 17.136577649026787 18.91473392192967 20.20404087211807 87.42773719277167 0.3920829153845232 1
6 18 4.3141e-005 0.00709 0.875 0.1014 0.534 17.264 0.020792 273.47267517077364 1714.5670491482306 2367.6538056633235 3372.9711132736807 13.500763870273397 47.67692163676427 134.69427762242393 37.55179432798733 30.624631856802953 14.6538451281224 17.686285004943226 17.38081887784113 85.41543174027257 0.8655667734954876 1
6 20 2.6469e-005 0.00487 0.259 0.02988 1.177 25.435 0.003228 349.72579376540244 1096.8457382046556 2383.6570927561274 2993.5802464271555 12.060170650619401 178.63059099875179 165.62679596792714 75.3892845090731 23.947332879936177 22.906593994817563 17.567543640088605 19.58357390618443 86.20763326511036 0.33785783592978336 1
