1 10 1180.3558276506035 193.46988489101858 -0.7795686293659743 -62.631316408481894 38.81125070168402 19.388159305463144 -8.607279923418592 0.726200137762374 -30.55084332479237 3.410489510731557 15.083217338200875 -14.514271373542796 -0.5798497124393695 1
1 12 1103.3634523860724 204.8524701162498 -6.428642004178785 -42.43750332044685 22.488709307973085 20.987493680385302 -18.41360020240904 1.6039735188501174 -8.688400600058548 -8.288469371740813 23.257743634021846 -7.22376629600458 -20.96660772616528 1
1 14 1060.286920728732 251.01966243989628 -57.22987434041299 -64.58461755926358 44.494655160382 15.02457188664758 29.176477443643684 -6.85982597530045 -13.997403424667986 -25.68655624046032 3.1325946386686097 13.22552492604015 -13.180728850512049 1
1 15 1165.193584807362 170.30415802576692 -11.636980348816166 -38.590378827860604 12.825908722801078 45.454822044373856 -25.512977840512864 1.3217893608765499 -29.803253242048427 -8.730121706445354 21.660141050803507 -20.342824773277417 -0.5758435714948137 1
1 16 1228.4258319172357 110.15000283507183 -84.17397567620839 -23.132746895966907 42.4736096047865 39.4305001731778 10.880609430724954 4.9881245281175985 -29.160245801239135 -3.1758054420664195 1.4893810460004586 -9.000395445177587 -10.893599232240122 1
2 10 1078.4789809963531 166.54085840928357 162.64582891065822 -29.18694358296775 -65.8369999545332 -19.238053936878373 -6.767902374484693 12.989101518382036 -5.580511440839117 -17.913029299494355 -0.038646305672231776 -11.555107177210646 5.74751871185312 1
2 12 925.1769955831018 199.61153925502978 152.3593864944804 -70.44520568097326 -39.02026217892225 -37.88343298074595 -1.0560773473651823 -16.42373637931119 -12.878644879013363 9.29522672475144 -2.7682232283575874 -11.616218332008971 -6.683559222940233 1
2 13 994.9837881622173 213.52882959747674 165.28802467095252 -60.88963686210342 -33.35853449277926 -23.293745475151994 -14.400152986821443 -8.526007400656754 -11.24203189164894 -13.868526808831659 -4.641887682985409 -11.915963583902744 -22.538196991646178 1
2 14 974.8234239510226 225.99802366971602 93.06634686694453 -42.846656764840176 -59.961262928402846 -12.832036351980008 -36.89956139642953 -13.193857448307037 0.43004017482427204 -9.37339985055325 -3.512301991848415 18.934761121673723 -1.44458830014838 1
2 15 889.1563297804195 219.78726716609438 130.78702529918033 -46.47697628290158 -16.093006861392027 -38.780928245762915 2.5469264872962496 -6.001919700789811 -2.4166277094865247 -9.873809929033655 8.074870673092102 -12.738191898373675 5.385713450224731 1
2 16 1190.5391900395452 73.71179745102073 173.45335727840626 -24.617000336515762 -41.377833316913275 3.488868922589427 -34.99815650434702 -3.021196511413801 6.583898965001992 -27.13032739789896 12.341360837401039 9.827616711462312 -9.529292379235386 1
3 10 1013.2653098020021 264.1348666471568 31.279072556251457 -81.40042330142586 5.040159032127752 -23.45671344013787 -18.89812867513772 -29.736939396368697 -22.038607460135285 6.439231740333942 11.16269394841759 12.018578698110087 -1.6000070906928567 1
3 13 1000.9854695303953 294.4464345783722 16.152451449601294 -83.22330846469612 -16.181343909049247 15.059089692184019 -18.861527934563433 -18.61039220934706 9.849553137477093 1.912688100181973 -9.680112229359365 -26.10705709059062 -9.263634598575125 1
3 14 1016.6342882452884 236.23481138154247 5.12777057176686 -87.05509443240014 10.639111391911964 13.63509689092549 5.339204953159512 3.443721871853745 -11.5446498482994 -13.740898303399108 0.6825745655142232 -3.141263221886088 7.539914287071046 1
3 15 996.4659038829702 253.379522306081 42.68345163332156 -119.05666634774833 5.1818806456493585 -5.351341140264773 -1.0712462846601132 14.551194869338273 -30.429789672674765 -10.318942271797836 -4.288520950437121 -22.046932715344816 1.222537176463879 1
3 16 1103.6319622213896 205.47311350235125 7.66848569323569 -35.3310559210838 -30.909302748657428 1.7293859017955606 -8.857610254130986 3.5855286319577364 -34.77452702507369 -5.833669253752231 22.79928530018542 6.829252246882031 -19.845039625265787 1
4 12 1152.4322616695038 137.43681015450048 129.33470773941843 -63.7238509069301 -38.94170987076421 -9.990594072028607 -3.158414680357973 15.684699238385734 -25.939512126279666 0.7533136074308858 -3.5678164250312365 3.715655999130565 -2.861603416954669 1
4 13 1060.7210226051839 188.91677702106716 94.12330371434557 -86.64413067512933 -85.4542554848442 -20.942607263585252 -20.8651693117419 -2.191814471894433 -0.8564609811699573 -3.6896314950550444 -2.6510954127128987 6.832049844952652 -20.526866738329417 1
4 14 968.9781025203422 254.3641046226081 85.57290484707967 -52.93129443603223 -44.10193063759452 -21.392684917456197 -1.3043437228290615 -23.0308240112859 4.6346658518857815 -10.51535355710949 -3.741612542994399 1.528996869012875 4.260771437928975 1
4 15 1126.8697094916913 150.99324872979514 146.33463759000838 -86.96542989637163 -83.3776880158942 12.123760938357455 -16.943878212567775 12.963856777997673 -10.549036647765421 -7.020262372499186 -4.633021291585679 -7.102022685602413 -7.042794825162459 1
4 16 1275.5293497763794 39.674777762979105 93.37555552745631 -41.989025335188764 -63.56197103350519 0.9613094448527405 -9.790445514118835 15.64722889188194 -3.158743393158226 -11.365085740962716 -6.391503018307896 -9.157627629023764 -8.615223601174568 1
5 12 867.1919875257419 249.93313221059037 37.17965463098485 -115.18976226888628 -32.25394851095007 -27.912659386435628 -24.831084699709955 -28.56721598028386 23.770485563003867 23.01104682130223 -18.52798766091574 0.6934756697441196 1.466918895249358 1
5 13 980.5005289648308 307.01105156715136 26.1382957883551 -113.34437783882329 -25.346310798550657 3.053204190398068 -39.103146269572555 -6.00807585733009 -13.392922835040746 10.641106331425524 -6.495793149808866 -7.291740349802561 -16.281512121144928 1
5 14 1021.3706986410301 251.67912439478164 51.54304255613031 -82.1683584256076 -28.04444658203802 -13.742758410574854 6.032563714181118 -3.940088561311939 -4.181239765462245 8.869007924230088 16.21050288458935 -7.7839118732405606 -15.549973479083963 1
5 15 1018.1188291981396 265.80178320137964 46.56270346227389 -98.24107271637665 -33.57852689057227 -0.5777889509232315 -12.27194890671107 -12.748330995888045 -13.906779483729041 -2.8196901756159827 2.531426312006938 -1.5700735327966577 -10.496271711510882 1
5 16 1189.3937010234504 174.56626902843337 23.56213067804925 -97.09274935732724 -23.680694936684272 7.861078388150743 -11.883888236207083 2.3448237482011054 -44.65585905806924 15.692812918816376 -14.183571832518824 12.383661024160043 -26.720266969905424 1
6 12 903.3574050407589 224.81665081383852 109.25786722496926 -35.49009628627271 -17.75209306261424 -33.298682385276074 -37.30412758535992 1.5914464948658575 16.080794299332226 -9.361177065505833 -7.193455795966823 -4.673407493112178 -8.860588231935752 1
6 13 924.8528380844955 247.35637388840436 79.33728142707469 5.9737503466732615 -18.43822521629829 -20.415509878727736 -23.173692323978518 -28.635669077383547 -3.298027783080225 14.259688529549948 13.608420652919865 -15.685905446267803 -12.937273684558741 1
6 14 974.8114411348402 193.57757849484227 65.35628526132976 -72.06297588417952 -2.8829299001160256 -43.39052681817349 -47.57750273569455 -15.81354737690802 0.9511825775821818 -9.539700764137486 7.6539156451024715 -9.834142909112943 -15.655719587356822 1
6 15 1021.5807131343548 193.11238949032662 97.50516525749059 -40.55653336957857 -29.10953736137146 -46.461505293685505 -12.811095225281932 7.347433381856084 12.565254577821939 -6.065552450466344 -15.295750249580506 -20.44943241393432 -8.741527234441984 1
6 16 1236.3569676733782 83.96331948573057 71.16603460075741 58.74655371912012 -29.395074599095874 -27.179557698911236 -20.819882694926257 15.19878633416477 -22.472989871784872 9.637305585214605 4.114511025626412 -10.031040207755142 -4.635708789009816 1
