1 10 2.1197e-005 0.003 0.441 0.050350000000000006 1.202 19.322 0.012935 519.2289616297195 850.8882196700696 2312.941090377024 3062.065854823012 47.00814691757855 15.401270314031493 157.804430351278 112.8265352347298 16.129685781997093 29.527967856626542 18.104654793942075 19.145571251402277 83.0956635585754 0.9325753017367978 1
1 12 4.1353e-005 0.00536 1.216 0.13891 1.158 10.38 0.112009 570.4052099650576 783.4252426716092 1985.3077504539635 3055.6543517508226 48.890579904363165 24.580125792902802 144.25333525315972 94.95162736401062 14.682544713280308 32.07070519494573 21.092447752961625 19.185743297964695 82.15869109025749 0.9565784399822457 1
1 14 4.7632e-005 0.005699999999999999 0.68 0.06927 0.82 16.163 0.036427 620.1519315917835 800.6273957290346 1444.2489878382792 3195.3761159256956 137.8967535187374 162.39918932449095 547.1400252081361 206.68776851796474 13.504755162986195 31.381639117059816 28.994308012413843 18.34682299458085 82.91537928146977 2.5798871284143745 1
1 15 2.9854e-005 0.0038900000000000002 0.486 0.055810000000000005 1.124 21.033 0.016455 512.7517405889189 787.4511326972537 2120.7287853567923 2678.705378466904 62.06988398836353 22.641621911063176 229.7316051372376 131.652717439239 16.333440409935864 31.9067418367149 19.745570621353608 21.885572213825427 81.46411457234473 0.6941921376755484 1
1 16 2.4294e-005 0.00311 0.449 0.04966 0.994 21.328 0.008377 773.3259276473505 1145.4004817703888 1970.189031945991 2763.0631551722245 17.12556879025873 71.15931547566245 199.5705381167566 75.93647269789832 10.829845089351691 21.93555913401183 21.254305714330016 21.217394141085364 84.23231210720371 0.9421286110138486 1
2 10 0.000116612 0.019 0.998 0.11405 1.407 14.391 0.046904 315.3564426230302 1682.6509875219933 2771.2539555245926 3392.1331748983994 18.300313184560828 720.4109795992438 230.56403338722964 266.61078194774666 26.55725036196987 14.931795236397233 15.110488129938691 17.282635137624254 84.4137577126138 0.8831119608697781 1
2 12 0.000236277 0.03348 1.494 0.16732 28.239 9.435 0.157129 311.3388798971968 786.2296571151388 2723.9025943528127 3275.2145015080423 14.518902733348765 420.3967401905593 166.36301299770741 127.29438337714822 26.89994902906248 31.956311712012393 15.373163521638084 17.89959099564522 80.06186499765997 1.2459639627604824 1
2 13 2.0987e-005 0.00392 0.27 0.031200000000000002 1.796 28.353 0.001702 324.64332534597884 2225.3455172126132 3099.436294884596 3640.157026034658 52.96437691003978 719.1017870956241 245.05897030462654 180.15273725756774 25.79754255250619 11.290381563520373 13.51052127417872 16.10507447363119 88.52478189039798 0.27757048943100304 1
2 14 5.1104e-005 0.00711 0.655 0.07538 1.72 21.029 0.011132 304.717505499181 614.1438197068911 2413.0267583978325 3188.9262956741 26.180760250117096 220.38455191582236 109.04395027333524 121.80056596797502 27.48447282764498 40.91061278120696 17.35372384672749 18.383930691508 86.54241014349516 2.1562642160042627 1
2 15 7.477e-005 0.011439999999999999 0.807 0.08141999999999999 1.802 18.455 0.02142 305.94293256810926 1058.141883198469 2808.7435226942803 3441.470951993363 58.475882290444076 855.2855076139969 338.6224588012501 186.44036111194205 27.37438622850211 23.744452798762772 14.90880162665458 17.034867014072375 84.84739219459897 3.1532815723093095 1
2 16 1.8502e-005 0.0027500000000000003 0.324 0.03722 0.576 22.335 0.007107 290.8823255383734 2330.357313969487 2530.4599084864753 3157.0716760556916 5.335019038711259 30.353006409086895 105.27032541765479 32.29885457092902 28.79171150911046 10.781608403735538 16.54837520229529 18.569423191950946 85.62347513186339 0.2597416463787494 1
3 10 0.000105644 0.01583 1.274 0.15432 2.246 12.187 0.121498 358.4902382839598 734.9686514172173 2510.3031676454043 3313.296557239056 34.99268679303922 28.363514832158263 143.8867119345292 74.25557100624111 23.361863464092906 34.18513150397944 16.681252105209907 17.693858363481883 83.32913914338454 3.625857367977667 1
3 13 2.5487e-005 0.00464 0.337 0.03681 2.347 25.137 0.003956 338.4745967673472 681.4475433136627 2088.965471151253 2988.679601233504 12.564294682082924 32.02949094245696 169.1934606627198 78.99883067613196 24.743363549249203 36.87004267096645 20.04580763937769 19.615685795092915 85.4500241275096 1.0956996730291237 1
3 14 4.1314e-005 0.005430000000000001 1.53 0.15768000000000001 0.86 11.419 0.095793 408.84157842604304 692.1483097243864 2489.86592984963 3297.9218693829534 53.97994078593716 25.87430824777046 113.37161694088931 66.19013743994618 20.484707138256454 36.30002363222527 16.81817462457866 17.776345929920055 81.66893512491102 2.2645863591557625 1
3 15 4.2511e-005 0.007019999999999999 1.165 0.12664 0.812 13.977 0.054762 401.501202926535 655.7476094170726 2470.695390274247 3300.8479377751414 29.131411554278127 21.575439766770934 94.39682692349953 58.28590979621343 20.859215212693705 38.31504627570796 16.94866965990165 17.760587917150403 84.34212177797491 1.301662120948057 1
3 16 1.7647e-005 0.00263 0.276 0.03212 0.522 22.293 0.006674 395.4864199886422 763.4041624182223 2179.212682151241 2819.8049091248017 29.34153279689784 14.161641818988624 144.62316064089296 72.43290903546426 21.17645404927056 32.911793302792546 19.215655425913955 20.790445399357704 81.87484450862813 0.6019747558554155 1
4 12 4.4819e-005 0.0070599999999999994 0.689 0.07538 1.209 17.315 0.024459 373.3551657562721 946.6705964490552 2829.3613736485513 3476.0534945708587 40.42458796877208 815.3550699947259 227.83819725267477 144.5887381128742 22.431723913704296 26.540382783877977 14.80015963673133 16.86539061943799 84.7212478084348 0.9588960322652765 1
4 13 1.7684e-005 0.00334 0.334 0.036469999999999995 1.661 27.693 0.002886 379.7028583219656 589.2750310564694 2489.4843577364395 3056.1967629768237 45.85051235619174 106.54039683396374 88.951902692862 51.76843891515823 22.056720976533956 42.6371366099717 16.820752405962008 19.182338228412217 87.63475881907253 1.1872523009048899 1
4 14 5.1323e-005 0.0073 1.042 0.11356999999999999 1.072 16.487 0.035266 384.9518565727354 600.4174194983137 2373.920696469387 3272.6962218331214 35.74112169901652 116.05334913239491 73.35854221437883 69.61766344930619 21.75596729046447 41.84588785081137 17.639595148346185 17.913364402383376 80.86695759741687 1.5001476526416881 1
4 15 2.3429e-005 0.0039000000000000003 0.393 0.045140000000000007 0.958 22.451 0.007863 440.5689747062267 2491.4432531882653 3054.2186658720357 3698.8814769633154 18.31241398910798 52.741727179350086 77.4417677610855 24.880902636605676 19.009509250133846 10.084516260945493 13.710544195120331 15.849385919802325 85.04227636004949 0.607572925311904 1
4 16 1.0983e-005 0.00183 0.351 0.04044 0.586 20.764 0.009642 461.86077482137875 2177.9445630284126 2464.516848415965 2991.9019862178557 5.615077896953414 72.6786018911827 54.78358891201114 33.87283710282776 18.13317011655508 11.536106302478109 16.99115996180533 19.594559002953652 82.39290732038566 0.25821298060840947 1
5 12 5.0618e-005 0.00958 0.885 0.09711 1.739 21.662 0.019292 379.7524591268826 776.3505978314597 2369.448410934308 3271.4895619109834 3.9795655264094387 63.95235496962625 92.15354049401117 60.97265248980887 22.05384007059649 32.36295569318858 17.67288952431257 17.919971588035644 86.32683974672032 2.1142436678262464 1
5 13 1.3171e-005 0.00254 0.179 0.02012 0.904 30.28 0.001205 375.045964724686 705.0750049292609 1917.1017888314902 3016.082361018789 3.2633506816890634 37.253692577674784 312.43064276381347 113.22167007031722 22.330596214114518 35.634506718218944 21.842867313541866 19.437466548558483 85.91120330833982 1.678393883384399 1
5 14 5.9435e-005 0.00803 1.166 0.11886 1.477 13.464 0.065262 400.1570961354401 735.4729353000087 2488.7014221776544 3323.2657994705623 18.257165762076223 30.03454357261458 98.73494054942923 64.52070842960917 20.929280227396834 34.161692149489085 16.826044147697996 17.640779744232223 83.50914083522926 2.3557770808392156 1
5 15 3.6967e-005 0.00672 0.601 0.06941 0.94 19.741 0.023055 373.9463499924508 687.7355550407475 2526.0389992812425 3203.1939818301075 11.200460379510043 40.994276842591475 121.07211563381705 107.07867826391903 22.396260854448972 36.53293742899678 16.577337092544923 18.302044875379444 83.89756822251528 2.2411037470238475 1
5 16 9.492e-006 0.0017100000000000001 0.163 0.01856 1.368 27.998 0.001692 433.2964509562506 738.7396928234801 2351.8719607498283 2905.1239349645084 15.220480356395987 5.686416413636293 102.8399383032021 17.447342090689876 19.328568192785898 34.01062680681428 17.804965873503306 20.179861965412577 85.10670866068284 0.7077941412217396 1
6 12 0.000104705 0.01581 1.052 0.12003 1.932 13.937 0.054608 319.9494792441693 646.8831303687188 2399.108658127117 3271.994529835347 54.317585681130595 259.3491364002795 167.14197871010285 103.44340895067285 26.176007599026665 38.84009154123238 17.454399098659437 17.917205993296733 83.5844938560088 3.197626300792623 1
6 13 5.0412e-005 0.00837 0.452 0.04984 1.795 21.79 0.008729 264.351514837628 726.6128609615248 2102.0499105862687 3073.538986096917 29.021099349984592 211.7690222448504 162.2123093381206 123.3901828150724 31.68130133524734 34.57824840418068 19.92103031860025 19.07410326180629 85.41854171714743 1.130130675352142 1
6 14 0.000117236 0.01533 1.63 0.19675 1.71 10.054 0.143282 326.35556770547373 948.6440530991973 2581.3628234206053 3356.474662813322 38.696626508206535 70.38692026173126 80.67990344794733 46.28342742274849 25.662194332649445 26.48517103745839 16.22205124365693 17.466242379098382 80.80163382440526 2.2314449733550963 1
6 15 4.9823e-005 0.00743 0.585 0.06618 1.141 18.624 0.022703 356.2647382552771 933.2240084642898 2472.6929818778945 3262.9115856723065 14.226041553079057 121.4756992094081 60.570926484531846 38.86088168394612 23.50779939944266 26.922796426278847 16.934977494940718 17.967081994322754 81.90341754069209 1.3865966360042459 1
6 16 1.9376e-005 0.0027900000000000004 0.286 0.03283 1.458 23.984 0.004423 274.98808525094455 1536.5532867663574 2375.411570320376 2661.885543518104 5.708824790890078 27.56656101651003 115.54810098243107 28.5720563468055 30.45586499632254 16.351531844935238 17.628524051666652 22.023862048748256 84.98654638141339 0.9532006946504372 1
